0 0.0244324 0.240762 0.705003 0.16651
2.7333e-06 0.0246251 0.240807 0.722937 0.160404
5.4071e-06 0.0248184 0.24085 0.73788 0.171401
8.02087e-06 0.0250112 0.240895 0.744357 0.207662
1.0583e-05 0.0252019 0.240948 0.74908 0.241206
1.30991e-05 0.0253904 0.241009 0.751598 0.271309
1.5577e-05 0.0255766 0.241076 0.751547 0.297393
1.80267e-05 0.0257608 0.241149 0.753863 0.317604
2.04471e-05 0.0259432 0.241226 0.795239 0.322866
2.27541e-05 0.0261267 0.2413 0.836629 0.325255
2.49599e-05 0.0263112 0.241372 0.878093 0.324932
2.70746e-05 0.0264969 0.241441 0.919678 0.322079
2.91065e-05 0.0266838 0.241506 0.961422 0.316895
3.10625e-05 0.0268718 0.241568 1.01416 0.32848
3.29198e-05 0.0270602 0.241629 1.09003 0.350414
3.46491e-05 0.0272487 0.24169 1.15421 0.366975
3.6284e-05 0.0274374 0.24175 1.20679 0.378245
3.78496e-05 0.0276263 0.241809 1.24793 0.384331
3.93659e-05 0.0278156 0.241867 1.28126 0.363451
4.08526e-05 0.028006 0.241921 1.317 0.318951
4.23138e-05 0.0281985 0.241968 1.35473 0.273972
4.37463e-05 0.0283926 0.242007 1.39396 0.228945
4.5148e-05 0.0285879 0.242039 1.43421 0.184274
4.65173e-05 0.0287843 0.242065 1.47408 0.156633
4.7853e-05 0.0289812 0.242085 1.511 0.15731
4.91563e-05 0.0291781 0.242106 1.54609 0.158833
5.04302e-05 0.0293751 0.242126 1.57942 0.161141
5.16774e-05 0.0295721 0.242146 1.611 0.16419
5.29001e-05 0.0297691 0.242166 1.64172 0.15215
5.4101e-05 0.0299662 0.242185 1.67484 0.113001
5.52805e-05 0.0301638 0.242198 1.70956 0.0764306
5.64376e-05 0.0303616 0.242207 1.74521 0.0415274
5.75718e-05 0.0305595 0.242212 1.78118 0.00747854
5.86834e-05 0.0307575 0.242212 1.82172 -0.0311585
5.97701e-05 0.0309555 0.242209 1.87071 -0.0787785
6.08276e-05 0.0311533 0.242201 1.91839 -0.124894
6.18575e-05 0.0313509 0.242188 1.96444 -0.168
6.28618e-05 0.0315482 0.242171 2.00861 -0.206823
6.38424e-05 0.0317451 0.242151 2.0185 -0.235861
6.48167e-05 0.0319418 0.242128 1.96706 -0.254612
6.58149e-05 0.0321382 0.242102 1.92344 -0.274774
6.6834e-05 0.0323342 0.242074 1.88889 -0.296648
6.78695e-05 0.0325298 0.242044 1.8647 -0.320565
6.8916e-05 0.0327249 0.24201 1.87178 -0.341791
6.99566e-05 0.0329197 0.241974 1.92839 -0.35086
7.09668e-05 0.0331145 0.241939 1.97673 -0.36009
7.19522e-05 0.0333093 0.241903 2.01685 -0.369446
7.29179e-05 0.033504 0.241868 2.04875 -0.3789
7.38682e-05 0.0336987 0.241832 2.07491 -0.392557
7.48058e-05 0.0338933 0.241795 2.11011 -0.423843
7.57258e-05 0.0340874 0.241756 2.14879 -0.456625
7.66271e-05 0.0342811 0.241715 2.19126 -0.491059
7.75089e-05 0.0344743 0.241672 2.23778 -0.527298
7.83701e-05 0.034667 0.241626 2.28232 -0.559646
7.92126e-05 0.0348593 0.241579 2.26279 -0.534614
8.00642e-05 0.035052 0.241533 2.2322 -0.511031
8.09289e-05 0.035245 0.241489 2.1983 -0.490075
8.1808e-05 0.0354383 0.241446 2.16842 -0.473244
8.27001e-05 0.0356317 0.241404 2.14242 -0.460413
8.36037e-05 0.0358253 0.241362 2.11484 -0.431562
8.4521e-05 0.0360193 0.241323 2.09315 -0.397545
8.54503e-05 0.0362138 0.241286 2.07708 -0.359402
8.63896e-05 0.0364089 0.241252 2.0659 -0.317588
8.73369e-05 0.0366046 0.241222 2.05871 -0.272675
8.82904e-05 0.0368009 0.241196 2.13288 -0.296766
8.92098e-05 0.036997 0.241169 2.2159 -0.330974
9.00936e-05 0.0371929 0.241139 2.29545 -0.364732
9.09454e-05 0.0373884 0.241108 2.37113 -0.398059
9.1769e-05 0.0375837 0.241076 2.44259 -0.430972
9.25672e-05 0.0377787 0.241041 2.48461 -0.388194
9.33546e-05 0.0379743 0.241011 2.52123 -0.328343
9.41334e-05 0.0381706 0.240985 2.55851 -0.268903
9.4903e-05 0.0383675 0.240964 2.59627 -0.209979
9.56632e-05 0.0385649 0.240948 2.63431 -0.151669
9.64135e-05 0.0387626 0.240937 2.63229 -0.180084
9.7164e-05 0.0389601 0.240923 2.61826 -0.233863
9.79172e-05 0.0391573 0.240906 2.60401 -0.287395
9.8673e-05 0.0393541 0.240884 2.58939 -0.34088
9.94311e-05 0.0395504 0.240858 2.57426 -0.394516
0.000100191 0.0397462 0.240828 2.5727 -0.391346
0.000100952 0.0399419 0.240799 2.57643 -0.36831
0.000101713 0.0401379 0.240771 2.58075 -0.344777
0.000102473 0.0403342 0.240744 2.58562 -0.320818
0.000103233 0.0405307 0.24072 2.59096 -0.296507
0.000103993 0.0407274 0.240697 2.63066 -0.348553
0.000104739 0.0409237 0.240671 2.68366 -0.438618
0.000105467 0.0411191 0.240639 2.73442 -0.536147
0.000106178 0.0413134 0.240601 2.78229 -0.64337
0.000106871 0.0415063 0.240557 2.83446 -0.752878
0.000107546 0.0416976 0.240506 3.02831 -0.716825
0.000108182 0.0418903 0.24046 3.28777 -0.619368
0.000108774 0.0420849 0.240424 3.53577 -0.536553
0.000109328 0.0422807 0.240394 3.77502 -0.464554
0.000109848 0.0424772 0.24037 4.00768 -0.40048
0.00011034 0.0426742 0.24035 4.2186 -0.357226
0.000110808 0.0428715 0.240333 4.41577 -0.323072
0.000111255 0.043069 0.240319 4.61538 -0.282892
0.000111683 0.0432666 0.240307 4.817 -0.237811
0.000112094 0.0434643 0.240297 5.02017 -0.188998
0.000112488 0.0436622 0.24029 5.23885 -0.121902
0.000112865 0.0438601 0.240285 5.47097 -0.040992
0.000113227 0.0440581 0.240284 5.70291 0.0390711
0.000113575 0.0442561 0.240285 5.93487 0.119413
0.000113908 0.0444541 0.240289 6.16702 0.201041
0.000114229 0.044652 0.240295 5.63293 0.217854
0.00011458 0.0448498 0.240303 4.37829 0.17158
0.000115032 0.0450477 0.240311 3.12345 0.12403
0.000115666 0.0452455 0.240319 1.8684 0.0751777
0.000116724 0.0454434 0.240327 0.61314 0.024998
0.000119951 0.0456412 0.240335 0 0
