0 0.0260739 0.190554 -0.0428273 -0.243124
8.0205e-06 0.0260395 0.190359 -0.046721 -0.24329
1.60129e-05 0.0260022 0.190164 -0.0513979 -0.242934
2.39867e-05 0.0259612 0.189971 -0.0554418 -0.24582
3.18441e-05 0.0259176 0.189777 -0.0578385 -0.252055
3.95005e-05 0.0258734 0.189584 -0.0591892 -0.258996
4.69533e-05 0.0258292 0.189391 -0.0594058 -0.266638
5.42014e-05 0.0257862 0.189198 -0.0584441 -0.274945
6.12454e-05 0.025745 0.189004 -0.0554839 -0.278856
6.82093e-05 0.0257064 0.18881 -0.0483152 -0.275835
7.52799e-05 0.0256722 0.188615 -0.040972 -0.273026
8.24516e-05 0.0256428 0.188419 -0.0338458 -0.270448
8.97161e-05 0.0256182 0.188223 -0.0269227 -0.268011
9.70669e-05 0.0255985 0.188026 -0.020901 -0.266974
0.000104461 0.025583 0.187829 -0.0163462 -0.268048
0.000111834 0.0255709 0.187631 -0.0120455 -0.268963
0.000119188 0.0255621 0.187433 -0.0079291 -0.269724
0.000126526 0.0255563 0.187235 -0.00393227 -0.270332
0.000133849 0.0255534 0.187037 -0.000289629 -0.271047
0.000141154 0.0255532 0.186839 0.00284255 -0.272061
0.000148432 0.0255553 0.186641 0.00601169 -0.273001
0.000155683 0.0255596 0.186443 0.00925484 -0.273932
0.000162907 0.0255663 0.186245 0.01261 -0.274924
0.000170101 0.0255754 0.186048 0.0150165 -0.275569
0.000177275 0.0255861 0.18585 0.015573 -0.275351
0.000184455 0.0255973 0.185652 0.0160952 -0.275
0.000191642 0.0256089 0.185455 0.0165802 -0.274509
0.000198842 0.0256208 0.185257 0.0170251 -0.273871
0.000206058 0.0256331 0.185059 0.0147176 -0.272855
0.000213304 0.0256438 0.184862 0.0074262 -0.2714
0.000220597 0.0256492 0.184664 -2.72883e-05 -0.270097
0.000227927 0.0256492 0.184466 -0.00756294 -0.269001
0.000235285 0.0256436 0.184268 -0.0150967 -0.268166
0.000242657 0.0256325 0.18407 -0.0186058 -0.266821
0.00025006 0.0256187 0.183872 -0.0149709 -0.264232
0.000257541 0.0256075 0.183675 -0.011431 -0.26163
0.000265102 0.0255989 0.183477 -0.00795445 -0.258975
0.000272744 0.0255928 0.183279 -0.00450945 -0.256227
0.00028047 0.0255893 0.183081 -0.00163916 -0.255915
0.000288207 0.025588 0.182883 0.000176304 -0.260259
0.000295815 0.0255882 0.182685 0.00202048 -0.264501
0.0003033 0.0255897 0.182487 0.00390968 -0.268663
0.000310669 0.0255926 0.182289 0.00586036 -0.272765
0.000317927 0.0255968 0.182091 0.00609054 -0.274338
0.000325142 0.0256012 0.181893 0.00294488 -0.271248
0.000332441 0.0256034 0.181695 -0.000297526 -0.268274
0.000339822 0.0256031 0.181497 -0.00362209 -0.26542
0.000347281 0.0256004 0.181299 -0.0070125 -0.262685
0.000354816 0.0255952 0.181101 -0.00846477 -0.259757
0.000362434 0.0255887 0.180903 -0.00614682 -0.256291
0.000370158 0.025584 0.180706 -0.00373309 -0.252742
0.000377991 0.025581 0.180508 -0.00125282 -0.249105
0.000385939 0.02558 0.18031 0.00126188 -0.245375
0.000394009 0.0255811 0.180112 0.00262002 -0.241762
0.000402198 0.0255832 0.179914 0.00178443 -0.238498
0.0004105 0.0255847 0.179716 0.000953881 -0.235268
0.000418915 0.0255855 0.179518 0.000126538 -0.232069
0.000427447 0.0255856 0.17932 -0.000699486 -0.228903
0.000436097 0.025585 0.179122 -0.00123836 -0.226914
0.000444823 0.0255839 0.178924 -0.0012402 -0.227117
0.000453541 0.0255828 0.178726 -0.00125246 -0.227317
0.000462251 0.0255817 0.178528 -0.00127528 -0.227515
0.000470954 0.0255806 0.17833 -0.00130903 -0.227712
0.000479649 0.0255795 0.178132 0.00168014 -0.227198
0.000488363 0.0255809 0.177934 0.0104913 -0.225251
0.000497144 0.0255902 0.177736 0.0196441 -0.223081
0.000505985 0.0256075 0.177539 0.0293171 -0.220748
0.000514877 0.0256336 0.177342 0.0397036 -0.218315
0.0005238 0.025669 0.177147 0.0466037 -0.216288
0.000532749 0.0257107 0.176954 0.0443102 -0.215114
0.000541764 0.0257507 0.17676 0.0405008 -0.213987
0.000550856 0.0257875 0.176565 0.0347099 -0.212934
0.000560033 0.0258194 0.17637 0.0293039 -0.211922
0.000569288 0.0258465 0.176174 0.0248449 -0.210752
0.000578618 0.0258697 0.175977 0.0223214 -0.209064
0.000588036 0.0258907 0.17578 0.01948 -0.207553
0.000597534 0.0259092 0.175583 0.016388 -0.206203
0.000607106 0.0259249 0.175386 0.0131224 -0.204994
0.000616745 0.0259375 0.175188 0.00980726 -0.20435
0.000626423 0.025947 0.17499 0.00682976 -0.205467
0.000636054 0.0259536 0.174793 0.00411517 -0.206642
0.000645634 0.0259575 0.174595 0.00158426 -0.207852
0.00065516 0.025959 0.174397 -0.000831742 -0.209074
0.00066463 0.0259582 0.174199 -0.00262251 -0.210416
0.000674039 0.0259558 0.174001 -0.00222057 -0.212233
0.000683368 0.0259537 0.173803 -0.00181311 -0.214059
0.000692618 0.025952 0.173605 -0.00140335 -0.215892
0.000701789 0.0259507 0.173407 -0.000994443 -0.217731
0.000710882 0.0259498 0.173209 -0.000273521 -0.218886
0.000719928 0.0259496 0.173011 0.00162519 -0.217439
0.000729034 0.0259511 0.172813 0.00351781 -0.215964
0.000738201 0.0259543 0.172615 0.00547031 -0.214423
0.000747432 0.0259593 0.172417 0.00755114 -0.212775
0.000756732 0.0259664 0.172219 0.0101104 -0.210992
0.000766105 0.0259758 0.172021 0.0138036 -0.209194
0.00077555 0.0259889 0.171824 0.0174515 -0.207395
0.000785063 0.0260055 0.171626 0.0209862 -0.205648
0.000794641 0.0260256 0.171429 0.0243395 -0.20401
0.000804278 0.026049 0.171233 0.0262959 -0.202437
0.000813978 0.0260745 0.171036 0.0233067 -0.200494
0.000823787 0.0260974 0.17084 0.0203981 -0.19855
0.000833707 0.0261176 0.170643 0.0175542 -0.196611
0.000843738 0.0261353 0.170445 0.0147589 -0.194684
0.000853879 0.0261502 0.170248 0.0119271 -0.193537
0.000864091 0.0261624 0.17005 0.00872299 -0.196311
0.000874167 0.0261712 0.169853 0.00546558 -0.199058
0.00088411 0.0261766 0.169655 0.00215623 -0.201829
0.000893919 0.0261787 0.169457 -0.00120373 -0.204672
0.000903593 0.0261776 0.169259 -0.00408335 -0.207132
0.000913151 0.0261737 0.169061 -0.00412582 -0.207024
0.000922713 0.0261697 0.168863 -0.00406799 -0.206916
0.00093228 0.0261658 0.168665 -0.00391066 -0.206801
0.000941853 0.0261621 0.168467 -0.00365951 -0.206678
0.000951431 0.0261586 0.168269 -0.0034718 -0.206452
0.000961021 0.0261553 0.168071 -0.00407622 -0.205726
0.000970643 0.0261513 0.167873 -0.00471939 -0.205009
0.000980299 0.0261468 0.167675 -0.0054156 -0.204298
0.000989987 0.0261415 0.167477 -0.00618033 -0.203592
0.000999708 0.0261355 0.167279 -0.00586573 -0.203079
0.00100945 0.0261298 0.167081 0.000712753 -0.203582
