0 0.00951459 0.164149 0.00810491 0.374028
5.29248e-06 0.00951887 0.164347 -0.000482994 0.379215
1.05138e-05 0.00951862 0.164545 0.00551051 0.378416
1.57456e-05 0.00952151 0.164743 0.0114164 0.377657
2.0986e-05 0.00952749 0.164941 0.0171818 0.376968
2.6233e-05 0.0095365 0.165138 0.022756 0.376378
3.14841e-05 0.00954845 0.165336 0.0278976 0.376012
3.67355e-05 0.0095631 0.165533 0.0265895 0.3788
4.19497e-05 0.00957697 0.165731 0.0253139 0.381348
4.71304e-05 0.00959008 0.165928 0.0240694 0.383674
5.22809e-05 0.00960248 0.166126 0.0228547 0.385797
5.74041e-05 0.00961419 0.166324 0.0215911 0.387673
6.25036e-05 0.0096252 0.166521 0.0164799 0.386408
6.76231e-05 0.00963363 0.166719 0.0117137 0.385152
7.27615e-05 0.00963965 0.166917 0.00718709 0.383918
7.7918e-05 0.00964336 0.167115 0.00280271 0.382719
8.30913e-05 0.00964481 0.167313 -0.00136835 0.381721
8.82783e-05 0.0096441 0.167511 0.00468453 0.390341
9.33505e-05 0.00964648 0.167709 0.0107319 0.398879
9.83126e-05 0.0096518 0.167907 0.0166311 0.407344
0.000103169 0.00965988 0.168105 0.0222504 0.415748
0.000107925 0.00967046 0.168303 0.0273352 0.424037
0.000112585 0.0096832 0.1685 0.0218356 0.427312
0.000117212 0.0096933 0.168698 0.0167425 0.430552
0.000121808 0.009701 0.168896 0.0119502 0.433787
0.00012637 0.00970645 0.169094 0.00736446 0.437045
0.0001309 0.00970978 0.169292 0.00294955 0.440353
0.000135396 0.00971111 0.16949 0.00447923 0.443876
0.000139857 0.00971311 0.169688 0.00599847 0.447408
0.000144282 0.00971576 0.169886 0.00749871 0.450972
0.000148672 0.00971905 0.170084 0.00897166 0.454588
0.000153027 0.00972296 0.170282 0.0103935 0.458262
0.000157346 0.00972745 0.17048 0.00979519 0.460084
0.000161649 0.00973167 0.170677 0.00917732 0.461898
0.000165935 0.0097356 0.170875 0.00854223 0.463704
0.000170204 0.00973925 0.171073 0.00789232 0.465503
0.000174457 0.0097426 0.171271 0.00724053 0.467302
0.000178693 0.00974567 0.171469 0.00812521 0.469997
0.000182905 0.00974909 0.171667 0.0090653 0.472729
0.000187093 0.00975289 0.171865 0.0100708 0.475506
0.000191256 0.00975708 0.172063 0.0111526 0.478334
0.000195394 0.0097617 0.172261 0.0123205 0.481182
0.000199508 0.00976676 0.172459 0.0132175 0.477765
0.000203651 0.00977224 0.172657 0.0140757 0.474279
0.000207824 0.00977811 0.172855 0.0148898 0.470713
0.000212028 0.00978437 0.173053 0.0156544 0.46706
0.000216265 0.00979101 0.173251 0.0163237 0.463349
0.000220535 0.00979798 0.173449 0.00607379 0.470026
0.000224747 0.00980054 0.173647 -0.00426591 0.476781
0.0002289 0.00979876 0.173845 -0.0144791 0.483521
0.000232993 0.00979284 0.174043 -0.0243613 0.490161
0.000237028 0.00978301 0.17424 -0.0337031 0.496619
0.000241006 0.0097696 0.174438 -0.0255162 0.501546
0.000244948 0.00975954 0.174636 -0.0179621 0.506667
0.000248854 0.00975253 0.174833 -0.0108517 0.511925
0.000252721 0.00974833 0.175031 -0.00401755 0.517268
0.000256548 0.00974679 0.175229 0.00269235 0.522651
0.000260337 0.00974781 0.175427 0.0009966 0.521772
0.000264131 0.00974819 0.175625 -0.000743012 0.520872
0.000267933 0.00974791 0.175823 -0.00247263 0.519978
0.000271741 0.00974697 0.176021 -0.0041645 0.519099
0.000275555 0.00974538 0.176219 -0.00579162 0.51824
0.000279375 0.00974317 0.176417 0.000600379 0.517987
0.000283198 0.0097434 0.176615 0.00688164 0.517684
0.000287022 0.00974603 0.176813 0.0131578 0.517368
0.000290848 0.00975106 0.177011 0.0195578 0.517075
0.000294674 0.00975855 0.177209 0.0262116 0.516843
0.0002985 0.00976857 0.177407 0.0287125 0.521999
0.000302288 0.00977945 0.177605 0.0310955 0.52722
0.000306037 0.00979111 0.177802 0.0333641 0.532487
0.000309748 0.00980349 0.178 0.0355045 0.537804
0.000313422 0.00981653 0.178197 0.0375041 0.543174
0.000317058 0.00983017 0.178395 0.0294612 0.546097
0.000320679 0.00984084 0.178593 0.021067 0.549045
0.000324282 0.00984843 0.178791 0.0125423 0.552009
0.000327868 0.00985293 0.178988 0.00397949 0.554946
0.000331436 0.00985435 0.179186 -0.00453007 0.557817
0.000334985 0.00985274 0.179384 -0.00178418 0.564285
0.000338494 0.00985211 0.179582 0.00110266 0.570878
0.000341963 0.00985249 0.17978 0.00396512 0.577475
0.000345391 0.00985385 0.179978 0.00684187 0.584021
0.000348781 0.00985617 0.180176 0.00977021 0.590465
0.000352134 0.00985945 0.180374 0.0141811 0.596354
0.000355453 0.00986416 0.180572 0.018624 0.602199
0.00035874 0.00987028 0.18077 0.0230634 0.608029
0.000361994 0.00987778 0.180968 0.0274902 0.613865
0.000365216 0.00988664 0.181166 0.0318956 0.619727
0.000368407 0.00989682 0.181364 0.0370182 0.613429
0.000371629 0.00990874 0.181561 0.0417215 0.605799
0.000374889 0.00992235 0.181759 0.0462266 0.597855
0.000378191 0.00993761 0.181956 0.0507364 0.590029
0.000381535 0.00995458 0.182154 0.0552624 0.582376
0.000384919 0.00997328 0.182351 0.0498431 0.57272
0.000388364 0.00999045 0.182548 0.0442061 0.563189
0.000391868 0.0100059 0.182745 0.038686 0.553861
0.000395435 0.0100197 0.182943 0.0332738 0.544736
0.000399063 0.0100318 0.18314 0.0279608 0.535811
0.000402753 0.0100421 0.183338 0.0281985 0.544577
0.000406384 0.0100524 0.183536 0.0286036 0.55402
0.000409953 0.0100626 0.183734 0.0288935 0.563241
0.000413464 0.0100727 0.183931 0.0290703 0.572244
0.00041692 0.0100828 0.184129 0.0291371 0.581039
0.000420323 0.0100927 0.184327 0.0234032 0.586732
0.000423695 0.0101006 0.184525 0.0176457 0.592599
0.000427035 0.0101065 0.184723 0.0121277 0.598802
0.000430341 0.0101105 0.184921 0.00677093 0.605313
0.000433611 0.0101127 0.185119 0.00150303 0.612111
0.000436846 0.0101132 0.185317 0.00566629 0.620696
0.000440036 0.010115 0.185515 0.0104005 0.629149
0.000443183 0.0101183 0.185713 0.0151068 0.637326
0.000446288 0.0101229 0.18591 0.0197625 0.645206
0.000449356 0.010129 0.186108 0.0243464 0.65277
0.000452387 0.0101364 0.186306 0.0288546 0.64848
0.000455437 0.0101452 0.186504 0.0331987 0.643401
0.00045851 0.0101554 0.186702 0.0373427 0.638312
0.000461607 0.010167 0.186899 0.0412547 0.633268
0.000464727 0.0101798 0.187097 0.0449048 0.62832
0.00046787 0.0101939 0.187295 0.036866 0.616359
0.000471077 0.0102058 0.187492 0.028348 0.604437
0.000474349 0.010215 0.18769 0.020115 0.593008
0.000477686 0.0102218 0.187888 0.0121001 0.581992
0.000481088 0.0102259 0.188086 0.00423607 0.571312
0.000484553 0.0102273 0.188284 0.0140239 0.580717
0.000487962 0.0102321 0.188482 0.0251478 0.591305
0.000491307 0.0102405 0.18868 0.0362651 0.60139
0.000494594 0.0102524 0.188877 0.0473969 0.610864
0.000497825 0.0102678 0.189075 0.0585633 0.619618
0.000501007 0.0102864 0.189272 0.0559994 0.620737
0.000504183 0.0103042 0.189469 0.052108 0.621361
0.000507359 0.0103207 0.189666 0.0480643 0.622138
0.000510532 0.010336 0.189864 0.043887 0.623074
0.000513702 0.0103499 0.190061 0.0395955 0.624177
0.000516868 0.0103624 0.190259 0.0401774 0.629475
0.000520007 0.010375 0.190456 0.0415112 0.635098
0.000523118 0.010388 0.190654 0.0430936 0.640586
0.000526202 0.0104012 0.190851 0.0449342 0.645923
0.00052926 0.010415 0.191049 0.0470458 0.651094
0.000532293 0.0104293 0.191246 0.0442143 0.641643
0.000535371 0.0104429 0.191444 0.0406073 0.630611
0.000538505 0.0104556 0.191642 0.0368329 0.61975
0.000541694 0.0104673 0.191839 0.0329063 0.609071
0.00054494 0.010478 0.192037 0.0288453 0.59858
0.000548244 0.0104876 0.192235 0.028622 0.599613
0.000551542 0.010497 0.192433 0.0289063 0.602066
0.000554827 0.0105065 0.19263 0.0291825 0.604418
0.000558099 0.010516 0.192828 0.0294508 0.606667
0.000561359 0.0105256 0.193026 0.0297109 0.608814
0.000564608 0.0105353 0.193224 0.0326867 0.604415
0.000567879 0.010546 0.193421 0.0361514 0.598979
0.000571178 0.0105579 0.193619 0.0397532 0.593388
0.000574508 0.0105711 0.193817 0.043515 0.587638
0.000577868 0.0105858 0.194014 0.0474612 0.581724
0.00058126 0.0106019 0.194211 0.0466117 0.582337
0.00058465 0.0106177 0.194409 0.0449352 0.584489
0.000588027 0.0106328 0.194606 0.043172 0.587213
0.00059139 0.0106474 0.194804 0.0413262 0.590484
0.000594735 0.0106612 0.195001 0.039402 0.594272
0.000598059 0.0106743 0.195199 0.0433849 0.598362
0.00060136 0.0106886 0.195396 0.0487075 0.602319
0.000604636 0.0107046 0.195593 0.0544307 0.606101
0.00060789 0.0107223 0.195791 0.0606166 0.60969
0.000611122 0.0107419 0.195988 0.0673334 0.613069
0.000614332 0.0107635 0.196185 0.0670732 0.615135
0.000617532 0.0107849 0.196381 0.0652256 0.617048
0.000620723 0.0108058 0.196578 0.0631971 0.619071
0.000623905 0.0108259 0.196775 0.0609908 0.621204
0.000627077 0.0108452 0.196972 0.0586107 0.62345
0.000630239 0.0108637 0.197169 0.0611689 0.61983
0.000633418 0.0108832 0.197366 0.0649656 0.614405
0.000636623 0.010904 0.197563 0.0677518 0.608934
0.000639854 0.0109259 0.19776 0.069941 0.603692
0.000643112 0.0109487 0.197957 0.0720502 0.598576
0.000646396 0.0109723 0.198153 0.0742373 0.597876
0.000649683 0.0109967 0.19835 0.0758069 0.597991
0.000652968 0.0110216 0.198546 0.0766289 0.597656
0.000656254 0.0110468 0.198743 0.0767003 0.59688
0.000659544 0.0110721 0.198939 0.0760313 0.595679
0.000662841 0.0110971 0.199136 0.0739061 0.59104
0.000666165 0.0111217 0.199332 0.0724473 0.585351
0.000669522 0.011146 0.199528 0.0721111 0.579704
0.000672912 0.0111705 0.199725 0.0728743 0.57406
0.000676333 0.0111954 0.199921 0.0747468 0.568384
0.000679787 0.0112212 0.200118 0.0721363 0.563481
0.000683273 0.0112464 0.200314 0.0673839 0.559212
0.000686788 0.01127 0.200511 0.0627082 0.555314
0.000690331 0.0112923 0.200707 0.0581 0.551766
0.0006939 0.011313 0.200904 0.0535498 0.548548
0.000697492 0.0113322 0.201101 0.052 0.546946
0.000701096 0.011351 0.201299 0.0515459 0.546494
0.000704703 0.0113696 0.201496 0.0506362 0.546563
0.00070831 0.0113878 0.201693 0.0492798 0.547151
0.000711914 0.0114056 0.20189 0.0474946 0.548249
0.000715512 0.0114227 0.202087 0.0491229 0.555947
0.00071906 0.0114401 0.202285 0.0529977 0.566294
0.000722541 0.0114586 0.202482 0.0571394 0.575594
0.000725964 0.0114781 0.202679 0.061572 0.583751
0.000729337 0.0114989 0.202876 0.0663222 0.59066
0.000732669 0.011521 0.203072 0.0684889 0.590638
0.000735999 0.0115438 0.203269 0.0688572 0.58704
0.000739349 0.0115669 0.203466 0.0691182 0.583584
0.000742718 0.0115901 0.203662 0.0692704 0.580279
0.000746106 0.0116136 0.203859 0.0693125 0.577132
0.000749512 0.0116372 0.204055 0.0707255 0.572688
0.000752944 0.0116615 0.204252 0.0733491 0.567174
0.000756406 0.0116869 0.204448 0.0762276 0.56152
0.0007599 0.0117135 0.204645 0.079379 0.555712
0.000763427 0.0117415 0.204841 0.0828236 0.549736
0.000766989 0.011771 0.205036 0.0827448 0.549162
0.000770554 0.0118005 0.205232 0.0793848 0.554053
0.000774091 0.0118286 0.205428 0.075846 0.560067
0.000777595 0.0118552 0.205624 0.0721389 0.567141
0.000781058 0.0118802 0.205821 0.068275 0.5752
0.000784476 0.0119035 0.206017 0.0638863 0.575786
0.000787894 0.0119253 0.206214 0.0590727 0.569141
0.000791354 0.0119458 0.206411 0.0544169 0.562768
0.000794856 0.0119648 0.206608 0.0499014 0.556649
0.000798399 0.0119825 0.206805 0.0455089 0.550769
0.000801982 0.0119988 0.207003 0.0478606 0.548362
0.000805579 0.012016 0.2072 0.0574439 0.549463
0.000809163 0.0120366 0.207397 0.0665855 0.550124
0.000812736 0.0120604 0.207593 0.0751611 0.550302
0.000816301 0.0120872 0.20779 0.0830569 0.54996
0.000819861 0.0121168 0.207985 0.087338 0.551861
0.000823405 0.0121477 0.208181 0.0878641 0.556518
0.000826919 0.0121786 0.208377 0.0886054 0.560304
0.000830409 0.0122095 0.208572 0.0895587 0.563207
0.000833881 0.0122406 0.208768 0.0907224 0.565205
0.00083734 0.012272 0.208963 0.0915267 0.56409
0.000840805 0.0123037 0.209159 0.0917277 0.559396
0.000844298 0.0123357 0.209354 0.0923441 0.555232
0.000847816 0.0123682 0.209549 0.0933832 0.551594
0.000851355 0.0124013 0.209745 0.0948551 0.548478
0.000854912 0.012435 0.20994 0.0952432 0.545221
0.000858489 0.0124691 0.210135 0.0922409 0.540675
0.000862099 0.0125024 0.21033 0.0891015 0.536278
0.000865742 0.0125348 0.210525 0.085828 0.532038
0.000869416 0.0125664 0.210721 0.0824238 0.527958
0.000873121 0.0125969 0.210916 0.0813954 0.524412
0.000876852 0.0126273 0.211112 0.0880374 0.522263
0.00088059 0.0126602 0.211307 0.0940768 0.520141
0.000884336 0.0126954 0.211502 0.0994491 0.518101
0.000888089 0.0127328 0.211697 0.104099 0.516194
0.00089185 0.0127719 0.211891 0.107119 0.514163
0.00089562 0.0128123 0.212084 0.105551 0.510578
0.000899417 0.0128524 0.212278 0.104636 0.50709
0.000903241 0.0128924 0.212472 0.104561 0.503628
0.000907091 0.0129326 0.212666 0.104815 0.500018
0.000910966 0.0129733 0.21286 0.105046 0.496215
0.00091487 0.0130143 0.213054 0.10394 0.492097
0.000918807 0.0130552 0.213247 0.102512 0.488569
0.000922773 0.0130958 0.213441 0.100766 0.48564
0.000926765 0.0131361 0.213635 0.0987071 0.483316
0.000930779 0.0131757 0.213829 0.0963441 0.481595
0.00093481 0.0132145 0.214023 0.0979863 0.48925
0.000938779 0.0132534 0.214217 0.100197 0.497101
0.000942683 0.0132925 0.214411 0.102733 0.504578
0.000946528 0.013332 0.214605 0.105598 0.511669
0.000950318 0.0133721 0.214799 0.108794 0.518356
0.000954056 0.0134127 0.214993 0.103549 0.519737
0.000957793 0.0134514 0.215187 0.0970442 0.519524
0.000961539 0.0134878 0.215382 0.0909012 0.518694
0.000965299 0.013522 0.215577 0.0850887 0.517306
0.000969076 0.0135541 0.215772 0.0795779 0.515411
0.000972872 0.0135843 0.215968 0.0851499 0.515523
0.000976662 0.0136166 0.216163 0.0941912 0.517267
0.000980428 0.013652 0.216358 0.103176 0.520124
0.000984162 0.0136906 0.216552 0.112086 0.524298
0.000987855 0.013732 0.216746 0.120902 0.529979
0.000991497 0.013776 0.216939 0.119213 0.525669
0.000995171 0.0138198 0.217132 0.110694 0.514221
0.000998935 0.0138615 0.217326 0.100355 0.500949
0.00100281 0.0139004 0.21752 0.0919255 0.487329
