0 0.0226562 0.0156162 -0.99239 0.596971
1.70969e-06 0.0224866 0.0157183 -0.982891 0.690334
3.35818e-06 0.0223245 0.0158321 -0.954641 0.794943
4.95202e-06 0.0221724 0.0159588 -0.817847 0.821859
6.65972e-06 0.0220327 0.0160991 -0.713207 0.828785
8.47057e-06 0.0219036 0.0162492 -0.647873 0.822272
1.0362e-05 0.021781 0.0164047 -0.618701 0.804155
1.23134e-05 0.0216603 0.0165617 -0.643774 0.690563
1.44107e-05 0.0215253 0.0167065 -0.65749 0.596575
1.66409e-05 0.0213786 0.0168395 -0.65438 0.524272
1.90023e-05 0.0212241 0.0169633 -0.58817 0.462104
2.16494e-05 0.0210684 0.0170857 -0.531974 0.420454
2.45694e-05 0.0209131 0.0172084 -0.48518 0.399896
2.77186e-05 0.0207603 0.0173344 -0.439313 0.402114
3.10432e-05 0.0206142 0.0174681 -0.365262 0.419466
3.4603e-05 0.0204842 0.0176174 -0.291877 0.445493
3.83207e-05 0.0203757 0.017783 -0.220321 0.480903
4.20638e-05 0.0202932 0.017963 -0.242064 0.487774
4.56999e-05 0.0202052 0.0181404 -0.282604 0.483085
4.92377e-05 0.0201052 0.0183113 -0.315023 0.475171
5.27107e-05 0.0199958 0.0184763 -0.339944 0.464179
5.61521e-05 0.0198788 0.018636 -0.357927 0.450249
5.95945e-05 0.0197556 0.018791 -0.386889 0.435593
6.2993e-05 0.0196241 0.0189391 -0.400381 0.464096
6.62234e-05 0.0194948 0.019089 -0.397216 0.480995
6.93974e-05 0.0193687 0.0192417 -0.383129 0.479532
7.26233e-05 0.0192451 0.0193964 -0.358261 0.459527
7.60214e-05 0.0191234 0.0195525 -0.322721 0.420837
7.97549e-05 0.0190029 0.0197096 -0.276587 0.363291
8.40913e-05 0.018883 0.0198672 -0.242847 0.309004
8.91293e-05 0.0187606 0.0200228 -0.248798 0.321406
9.40008e-05 0.0186394 0.0201794 -0.263548 0.383367
9.82568e-05 0.0185273 0.0203426 -0.278836 0.440985
0.000102052 0.0184214 0.0205099 -0.294202 0.494142
0.000105495 0.0183201 0.0206801 -0.309369 0.542842
0.000108664 0.0182221 0.0208521 -0.303935 0.583108
0.000111675 0.0181306 0.0210277 -0.264666 0.61448
0.000114634 0.0180523 0.0212095 -0.228312 0.64559
0.000117526 0.0179862 0.0213962 -0.194468 0.676397
0.000120339 0.0179315 0.0215865 -0.162678 0.706906
0.000123069 0.0178871 0.0217794 -0.132469 0.737152
0.000125712 0.0178521 0.0219743 -0.137374 0.709457
0.000128452 0.0178145 0.0221687 -0.138055 0.675459
0.000131324 0.0177748 0.0223627 -0.140962 0.636095
0.000134363 0.017732 0.022556 -0.150488 0.596714
0.000137581 0.0176836 0.022748 -0.167732 0.556968
0.000140985 0.0176265 0.0229376 -0.20373 0.554451
0.000144337 0.0175582 0.0231234 -0.234439 0.553469
0.000147631 0.017481 0.0233058 -0.25581 0.549301
0.000150898 0.0173974 0.0234852 -0.266638 0.542473
0.000154174 0.01731 0.0236629 -0.266347 0.533599
0.000157494 0.0172216 0.0238401 -0.237232 0.520894
0.000160953 0.0171395 0.0240203 -0.192639 0.499838
0.00016465 0.0170683 0.024205 -0.1591 0.473588
0.000168613 0.0170053 0.0243927 -0.135039 0.442577
0.000172892 0.0169475 0.0245821 -0.119444 0.406684
0.000177563 0.0168917 0.0247721 -0.111683 0.367124
0.000182723 0.0168341 0.0249615 -0.102452 0.343643
0.000188245 0.0167775 0.0251513 -0.0872605 0.346945
0.000193779 0.0167292 0.0253433 -0.0742602 0.351261
0.000199294 0.0166882 0.025537 -0.0632407 0.35499
0.000204785 0.0166535 0.0257319 -0.0537207 0.358286
0.00021025 0.0166242 0.0259277 -0.0669743 0.368854
0.000215532 0.0165888 0.0261226 -0.0776051 0.378593
0.000220655 0.016549 0.0263165 -0.0832511 0.387285
0.000225654 0.0165074 0.0265101 -0.0831227 0.395209
0.000230556 0.0164667 0.0267039 -0.0771489 0.402738
0.000235385 0.0164294 0.0268983 -0.0928274 0.421756
0.00023997 0.0163869 0.0270917 -0.112409 0.443871
0.000244294 0.0163382 0.0272836 -0.132203 0.46781
0.000248367 0.0162844 0.0274742 -0.152473 0.494072
0.000252196 0.016226 0.0276634 -0.173443 0.523069
0.000255789 0.0161637 0.0278513 -0.166682 0.530108
0.000259353 0.0161043 0.0280402 -0.149937 0.525901
0.000262973 0.01605 0.0282306 -0.135553 0.520657
0.000266653 0.0160001 0.0284222 -0.123269 0.514497
0.000270396 0.015954 0.0286148 -0.112868 0.507518
0.000274204 0.015911 0.028808 -0.112772 0.496209
0.000278095 0.0158671 0.0290011 -0.120198 0.481937
0.000282082 0.0158192 0.0291932 -0.126366 0.469035
0.000286158 0.0157677 0.0293844 -0.132266 0.460797
0.000290288 0.0157131 0.0295747 -0.137491 0.45833
0.000294426 0.0156562 0.0297644 -0.137158 0.463605
0.000298521 0.0156 0.0299543 -0.129478 0.474031
0.00030255 0.0155478 0.0301453 -0.124932 0.483991
0.000306512 0.0154984 0.030337 -0.12332 0.493661
0.000310403 0.0154504 0.0305291 -0.124568 0.503206
0.000314222 0.0154028 0.0307213 -0.128297 0.516631
0.000317942 0.0153551 0.0309134 -0.130962 0.546091
0.000321468 0.0153089 0.031106 -0.133193 0.568975
0.000324856 0.0152638 0.0312988 -0.135076 0.585539
0.000328151 0.0152193 0.0314917 -0.136683 0.595922
0.000331389 0.015175 0.0316847 -0.138282 0.599889
0.000334606 0.0151305 0.0318776 -0.147262 0.589712
0.000337863 0.0150826 0.0320697 -0.154805 0.578674
0.000341169 0.0150314 0.032261 -0.160685 0.566826
0.000344529 0.0149774 0.0324515 -0.164702 0.554233
0.000347954 0.014921 0.0326413 -0.166678 0.540977
0.000351452 0.0148627 0.0328305 -0.161565 0.533692
0.000355003 0.0148053 0.03302 -0.149259 0.541036
0.00035853 0.0147527 0.0332109 -0.133775 0.54996
0.000362029 0.0147059 0.0334033 -0.11728 0.557504
0.000365504 0.0146651 0.033597 -0.100084 0.563854
0.000368962 0.0146305 0.033792 -0.0904718 0.552657
0.000372497 0.0145985 0.0339874 -0.088159 0.533309
0.00037616 0.0145662 0.0341827 -0.0897521 0.513934
0.000379955 0.0145321 0.0343778 -0.0953957 0.494577
0.000383886 0.0144946 0.0345722 -0.105603 0.475291
0.000387953 0.0144517 0.0347655 -0.101547 0.463612
0.000392125 0.0144093 0.0349589 -0.0832123 0.458301
0.000396376 0.014374 0.0351537 -0.061776 0.454197
0.000400695 0.0143473 0.0353499 -0.037725 0.450743
0.000405073 0.0143308 0.0355472 -0.0117861 0.447269
0.000409498 0.0143256 0.0357451 -0.0105622 0.44
0.000413997 0.0143208 0.0359431 -0.0319992 0.430101
0.000418588 0.0143061 0.0361405 -0.0538807 0.421571
0.000423247 0.014281 0.0363369 -0.0765237 0.414665
0.000427942 0.0142451 0.0365317 -0.100249 0.409642
0.000432637 0.014198 0.036724 -0.106542 0.408765
0.000437324 0.0141481 0.0369156 -0.0951556 0.408734
0.000442042 0.0141032 0.0371084 -0.0850731 0.405788
0.000446818 0.0140625 0.0373022 -0.0761364 0.400339
0.000451677 0.0140256 0.0374967 -0.0682143 0.39272
0.000456644 0.0139917 0.0376918 -0.0544403 0.389237
0.000461682 0.0139642 0.0378879 -0.0263439 0.395542
0.000466677 0.0139511 0.0380855 0.00550647 0.401676
0.000471606 0.0139538 0.0382834 0.0387763 0.407524
0.000476442 0.0139726 0.0384806 0.0708228 0.412985
0.000481168 0.014006 0.0386757 0.0851889 0.417885
0.00048581 0.0140456 0.0388697 0.0705648 0.422515
0.000490433 0.0140782 0.039065 0.0566088 0.427526
0.000495024 0.0141042 0.0392613 0.0432617 0.432845
0.000499575 0.0141239 0.0394583 0.030463 0.438402
0.000504081 0.0141376 0.0396558 0.0235924 0.444721
0.000508527 0.0141481 0.0398536 0.0312051 0.452815
0.000512889 0.0141617 0.0400511 0.0394688 0.461342
0.000517166 0.0141786 0.0402484 0.0486761 0.470459
0.000521352 0.014199 0.0404453 0.059141 0.480339
0.000525443 0.0142231 0.0406418 0.0645835 0.490623
0.000529444 0.014249 0.0408381 0.051717 0.498682
0.000533393 0.0142694 0.0410351 0.0377064 0.50503
0.000537303 0.0142842 0.0412325 0.0228085 0.510213
0.00054118 0.014293 0.0414303 0.00730239 0.514814
0.000545026 0.0142958 0.0416283 -0.00156263 0.513544
0.000548881 0.0142952 0.0418263 0.0110557 0.494237
0.000552886 0.0142996 0.0420243 0.0236975 0.47476
0.000557052 0.0143095 0.042222 0.036347 0.455579
0.000561384 0.0143252 0.0424194 0.0489855 0.437211
0.000565885 0.0143473 0.0426162 0.0598024 0.424617
0.000570502 0.0143749 0.0428122 0.0640962 0.426478
0.000575093 0.0144043 0.043008 0.067206 0.427257
0.000579671 0.0144351 0.0432036 0.0690554 0.426854
0.00058425 0.0144667 0.0433991 0.0696063 0.425203
0.000588846 0.0144987 0.0435945 0.0687377 0.4228
0.000593468 0.0145305 0.0437899 0.0682938 0.423171
0.000598087 0.014562 0.0439854 0.0703918 0.425
0.000602683 0.0145944 0.0441807 0.0750314 0.428297
0.000607237 0.0146285 0.0443758 0.082371 0.433164
0.000611728 0.0146655 0.0445703 0.0911765 0.438628
0.000616147 0.0147058 0.0447641 0.086279 0.434792
0.000620614 0.0147444 0.0449583 0.0775516 0.430243
0.000625143 0.0147795 0.0451532 0.0652836 0.424929
0.000629749 0.0148096 0.0453489 0.0500765 0.418854
0.000634442 0.0148331 0.0455455 0.0336686 0.412948
0.000639221 0.0148492 0.0457428 0.0467945 0.437288
0.000643723 0.0148702 0.0459397 0.061596 0.461587
0.000647975 0.0148964 0.046136 0.0752825 0.484296
0.000652015 0.0149268 0.0463316 0.0874957 0.504931
0.000655879 0.0149606 0.0465267 0.0980375 0.523134
0.000659599 0.0149971 0.0467213 0.0858344 0.503993
0.000663472 0.0150303 0.0469165 0.0754987 0.484592
0.000667509 0.0150608 0.0471122 0.0671436 0.465501
0.000671719 0.0150891 0.0473081 0.0605471 0.446673
0.000676112 0.0151157 0.0475043 0.05555 0.428066
0.000680699 0.0151412 0.0477007 0.0567682 0.416901
0.000685405 0.0151679 0.0478969 0.0578058 0.407181
0.000690219 0.0151957 0.0480929 0.0581093 0.398373
0.000695137 0.0152243 0.0482888 0.0576279 0.390531
0.000700153 0.0152532 0.0484847 0.0563312 0.383687
0.000705259 0.015282 0.0486806 0.0642151 0.396263
0.000710191 0.0153136 0.0488761 0.0729339 0.41084
0.000714936 0.0153482 0.049071 0.0809416 0.424452
0.000719518 0.0153853 0.0492655 0.0881794 0.437004
0.00072396 0.0154245 0.0494596 0.094603 0.44842
0.00072828 0.0154654 0.0496533 0.0943921 0.442579
0.000732656 0.0155067 0.049847 0.0931512 0.435284
0.000737104 0.0155481 0.0500406 0.0925717 0.431243
0.000741593 0.0155897 0.0502342 0.092657 0.430471
0.000746089 0.0156313 0.0504278 0.0934102 0.432981
0.000750559 0.0156731 0.0506213 0.0900161 0.435102
0.000755016 0.0157132 0.0508152 0.0841113 0.434841
0.000759486 0.0157508 0.0510096 0.0778441 0.433191
0.000763985 0.0157858 0.0512045 0.0712546 0.430244
0.000768525 0.0158182 0.0513998 0.0643853 0.426096
0.00077312 0.0158477 0.0515956 0.0643091 0.423066
0.000777747 0.0158775 0.0517914 0.069281 0.416743
0.000782434 0.01591 0.0519867 0.0738074 0.410404
0.000787182 0.015945 0.0521815 0.0778422 0.404147
0.000791993 0.0159825 0.052376 0.0813444 0.398071
0.000796866 0.0160221 0.05257 0.0828178 0.390474
0.000801826 0.0160632 0.0527637 0.083424 0.38113
0.000806901 0.0161055 0.0529571 0.0849161 0.371607
0.000812096 0.0161496 0.0531501 0.0873323 0.361815
0.000817415 0.0161961 0.0533426 0.0907318 0.351657
0.000822867 0.0162456 0.0535343 0.0909599 0.342005
0.000828462 0.0162965 0.0537256 0.0857543 0.331764
0.00083424 0.016346 0.0539173 0.0817635 0.319097
0.000840251 0.0163952 0.0541091 0.0790043 0.303856
0.000846558 0.016445 0.0543008 0.0775495 0.285757
0.000853245 0.0164968 0.0544919 0.0805679 0.266111
0.000860366 0.0165542 0.0546814 0.0928599 0.25013
0.000867787 0.0166231 0.054867 0.101232 0.230723
0.000875646 0.0167027 0.0550483 0.104687 0.208224
0.000884141 0.0167916 0.0552252 0.102441 0.183073
0.00089358 0.0168883 0.055398 0.0934608 0.17593
0.000903519 0.0169812 0.0555728 0.0824695 0.182026
0.000913427 0.0170629 0.0557532 0.0748863 0.189486
0.000923145 0.0171357 0.0559373 0.0710295 0.198201
0.000932549 0.0172025 0.0561237 0.0703718 0.208107
0.000941562 0.0172659 0.0563113 0.0725842 0.219225
0.000950136 0.0173281 0.0564993 0.0789525 0.227016
0.000958374 0.0173932 0.0566863 0.0879869 0.226452
0.000966524 0.0174649 0.0568708 0.0959928 0.224724
0.000974626 0.0175427 0.0570529 0.102845 0.221583
0.000982732 0.017626 0.0572325 0.10844 0.216822
0.000990899 0.0177146 0.0574096 0.112689 0.210266
0.000999199 0.0178081 0.0575841 0.10295 0.215572
0.00100749 0.0178934 0.0577628 0.0922626 0.220145
