0 0.0253705 0.165262 0.0396738 -0.21436
9.08255e-06 0.0254065 0.165067 0.0423833 -0.218256
1.79881e-05 0.0254443 0.164873 0.0448848 -0.222389
2.67154e-05 0.0254835 0.164678 0.0471544 -0.226777
3.52636e-05 0.0255238 0.164485 0.0491717 -0.231438
4.3632e-05 0.0255649 0.164291 0.0488303 -0.23518
5.18753e-05 0.0256052 0.164097 0.0416301 -0.235576
6.0152e-05 0.0256396 0.163902 0.0335228 -0.236103
6.84549e-05 0.0256675 0.163706 0.024715 -0.236719
7.6774e-05 0.025688 0.163509 0.0154525 -0.237381
8.50975e-05 0.0257009 0.163312 0.00888515 -0.236992
9.34463e-05 0.0257083 0.163114 0.0143911 -0.23214
0.000101959 0.0257205 0.162916 0.0198828 -0.227114
0.000110644 0.0257378 0.162719 0.0254558 -0.221782
0.000119514 0.0257604 0.162522 0.0317707 -0.21597
0.000128584 0.0257892 0.162326 0.0370816 -0.211044
0.000137824 0.0258235 0.162131 0.0371784 -0.210291
0.000147096 0.0258579 0.161936 0.0370058 -0.209427
0.000156406 0.0258924 0.161741 0.0365605 -0.208458
0.000165762 0.0259266 0.161546 0.0358425 -0.207392
0.000175169 0.0259603 0.161351 0.034505 -0.206646
0.00018462 0.0259929 0.161156 0.0298341 -0.209506
0.000193977 0.0260208 0.16096 0.0252574 -0.212214
0.000203241 0.0260442 0.160763 0.0207547 -0.21484
0.000212415 0.0260633 0.160566 0.0163064 -0.217453
0.000221495 0.0260781 0.160369 0.0121289 -0.220032
0.00023048 0.026089 0.160171 0.0118464 -0.221394
0.00023941 0.0260996 0.159973 0.0115891 -0.222785
0.000248286 0.0261099 0.159776 0.0113558 -0.224204
0.000257106 0.0261199 0.159578 0.0111458 -0.22565
0.00026587 0.0261296 0.15938 0.0108079 -0.226967
0.000274584 0.0261391 0.159182 0.00764434 -0.22544
0.000283361 0.0261458 0.158984 0.00444272 -0.224107
0.000292195 0.0261497 0.158786 0.00120575 -0.222956
0.000301075 0.0261508 0.158588 -0.00206352 -0.221971
0.000309995 0.0261489 0.15839 -0.00514893 -0.22128
0.00031894 0.0261443 0.158192 -0.00409296 -0.223558
0.000327796 0.0261407 0.157994 -0.00304737 -0.225815
0.000336563 0.026138 0.157797 -0.00200451 -0.228041
0.000345246 0.0261363 0.157599 -0.000956902 -0.230227
0.000353846 0.0261355 0.157401 0.00025622 -0.232284
0.00036237 0.0261357 0.157203 0.00454233 -0.23273
0.000370876 0.0261395 0.157005 0.00892125 -0.232902
0.000379371 0.0261471 0.156807 0.0134035 -0.23277
0.000387863 0.0261585 0.156609 0.018 -0.232304
0.000396361 0.0261738 0.156412 0.0223706 -0.231463
0.000404876 0.0261928 0.156215 0.019007 -0.230104
0.000413451 0.0262091 0.156017 0.0157102 -0.228886
0.000422082 0.0262227 0.15582 0.0124435 -0.227831
0.000430759 0.0262335 0.155622 0.00916917 -0.226959
0.000439476 0.0262415 0.155424 0.00590401 -0.226366
0.00044822 0.0262466 0.155226 0.00438709 -0.228286
0.000456892 0.0262505 0.155028 0.00280536 -0.230342
0.000465487 0.0262529 0.15483 0.00115417 -0.232534
0.000474002 0.0262538 0.154632 -0.000571232 -0.234859
0.000482433 0.0262534 0.154434 -0.00218956 -0.237251
0.000490778 0.0262515 0.154236 0.00235808 -0.237624
0.00049911 0.0262535 0.154038 0.00709652 -0.237675
0.000507437 0.0262594 0.15384 0.0119815 -0.237426
0.000515766 0.0262694 0.153643 0.0169648 -0.236904
0.000524102 0.0262835 0.153445 0.0218906 -0.236151
0.000532451 0.0263018 0.153248 0.0226917 -0.235769
0.00054081 0.0263208 0.153051 0.023383 -0.235539
0.000549175 0.0263403 0.152854 0.0239548 -0.235481
0.000557541 0.0263604 0.152657 0.0243989 -0.235609
0.0005659 0.0263808 0.15246 0.0247095 -0.235938
0.000574246 0.0264014 0.152263 0.0274881 -0.239443
0.000582461 0.026424 0.152066 0.0302339 -0.242841
0.000590552 0.0264484 0.15187 0.032938 -0.246131
0.000598526 0.0264747 0.151674 0.0355919 -0.249317
0.000606388 0.0265027 0.151478 0.0381878 -0.2524
0.000614144 0.0265323 0.151282 0.0335988 -0.24872
0.000622033 0.0265588 0.151086 0.0290754 -0.244541
0.000630073 0.0265822 0.150889 0.0248445 -0.240188
0.000638273 0.0266026 0.150692 0.0208424 -0.235721
0.00064664 0.02662 0.150495 0.0170062 -0.231198
0.000655181 0.0266345 0.150297 0.0148842 -0.227846
0.000663853 0.0266474 0.1501 0.0126681 -0.22468
0.000672651 0.0266586 0.149902 0.0102389 -0.221631
0.000681576 0.0266677 0.149704 0.00762372 -0.218728
0.000690622 0.0266746 0.149506 0.00485648 -0.216002
0.000699787 0.0266791 0.149308 0.00295619 -0.21614
0.000708947 0.0266818 0.14911 0.00109557 -0.216674
0.000718085 0.0266828 0.148912 -0.000793849 -0.217364
0.000727194 0.0266821 0.148714 -0.002694 -0.218212
0.000736267 0.0266796 0.148516 -0.00458661 -0.21922
0.000745297 0.0266755 0.148318 -0.00179301 -0.224668
0.00075411 0.0266739 0.14812 0.00141649 -0.23026
0.000762708 0.0266751 0.147922 0.00462772 -0.235603
0.000771111 0.026679 0.147725 0.0078502 -0.240726
0.000779331 0.0266854 0.147527 0.011093 -0.245654
0.000787383 0.0266944 0.147329 0.0170014 -0.247263
0.000795372 0.026708 0.147131 0.0232363 -0.248201
0.000803315 0.0267264 0.146934 0.0295929 -0.248737
0.000811219 0.0267498 0.146738 0.035323 -0.2499
0.000819064 0.0267775 0.146542 0.040198 -0.251254
0.000826846 0.0268088 0.146346 0.0422201 -0.251449
0.000834612 0.0268416 0.146151 0.0435591 -0.251502
0.000842369 0.0268754 0.145956 0.0444867 -0.251574
0.000850119 0.0269099 0.145761 0.0450064 -0.251675
0.000857863 0.0269447 0.145566 0.0451281 -0.251814
0.000865603 0.0269796 0.145371 0.0388591 -0.255281
0.000873271 0.0270094 0.145175 0.0319233 -0.259592
0.000880841 0.0270336 0.144979 0.0256647 -0.264021
0.000888305 0.0270528 0.144782 0.0199415 -0.268558
0.000895658 0.0270674 0.144584 0.0146307 -0.273196
0.000902895 0.027078 0.144386 0.0151685 -0.27631
0.00091005 0.0270889 0.144189 0.0173682 -0.278936
0.000917135 0.0271012 0.143991 0.0196092 -0.281502
0.000924152 0.0271149 0.143793 0.0219051 -0.284005
0.000931103 0.0271301 0.143596 0.0242698 -0.286441
0.00093799 0.0271469 0.143399 0.0233995 -0.288638
0.000944828 0.0271629 0.143201 0.0217135 -0.290848
0.000951617 0.0271776 0.143004 0.0202182 -0.293141
0.000958355 0.0271912 0.142806 0.018892 -0.295509
0.000965042 0.0272039 0.142609 0.0177167 -0.297943
0.000971675 0.0272156 0.142411 0.0216744 -0.297002
0.000978324 0.02723 0.142214 0.027307 -0.294975
0.000985008 0.0272483 0.142017 0.032957 -0.29301
0.000991723 0.0272704 0.14182 0.0386095 -0.291153
0.000998465 0.0272964 0.141624 0.0442487 -0.289445
0.00100523 0.0273264 0.141428 0.046761 -0.291457
