0 0.0245245 0.188218 -0.00577073 -0.331569
5.9707e-06 0.024521 0.18802 -0.00474336 -0.333402
1.19089e-05 0.0245182 0.187822 -0.00624272 -0.333849
1.78387e-05 0.0245145 0.187624 -0.00776351 -0.334362
2.37588e-05 0.0245099 0.187426 -0.00930384 -0.334933
2.96681e-05 0.0245044 0.187228 -0.0108617 -0.335555
3.55657e-05 0.024498 0.18703 -0.0124969 -0.333523
4.14982e-05 0.0244906 0.186832 -0.0142599 -0.327614
4.75362e-05 0.024482 0.186634 -0.016077 -0.321838
5.36807e-05 0.0244721 0.186437 -0.0179548 -0.31621
5.99323e-05 0.0244609 0.186239 -0.0199003 -0.310744
6.6291e-05 0.0244482 0.186041 -0.0201732 -0.309076
7.26836e-05 0.0244353 0.185844 -0.0177784 -0.312781
7.90037e-05 0.0244241 0.185646 -0.0152683 -0.316178
8.52587e-05 0.0244146 0.185448 -0.0126558 -0.319299
9.1455e-05 0.0244067 0.18525 -0.00995397 -0.32218
9.75977e-05 0.0244006 0.185052 -0.00917384 -0.32429
0.000103701 0.024395 0.184855 -0.0114508 -0.325454
0.000109781 0.024388 0.184657 -0.0137123 -0.32667
0.000115837 0.0243797 0.184459 -0.0159458 -0.327928
0.000121868 0.0243701 0.184261 -0.0181394 -0.329219
0.000127873 0.0243592 0.184063 -0.0192845 -0.331038
0.000133844 0.0243477 0.183866 -0.0188165 -0.3337
0.000139768 0.0243366 0.183668 -0.018315 -0.336382
0.000145645 0.0243258 0.18347 -0.0177817 -0.339081
0.000151477 0.0243154 0.183273 -0.0172182 -0.341796
0.000157262 0.0243055 0.183075 -0.0172922 -0.343408
0.000163021 0.0242955 0.182877 -0.0184309 -0.343189
0.000168782 0.0242849 0.182679 -0.0195485 -0.342965
0.000174546 0.0242736 0.182482 -0.0206431 -0.342734
0.000180312 0.0242617 0.182284 -0.021713 -0.34249
0.000186082 0.0242492 0.182086 -0.0227351 -0.342076
0.000191857 0.0242361 0.181889 -0.02371 -0.341497
0.000197641 0.0242223 0.181691 -0.0246813 -0.341064
0.000203432 0.0242081 0.181494 -0.0256492 -0.340784
0.000209225 0.0241932 0.181296 -0.0266137 -0.340665
0.00021502 0.0241778 0.181099 -0.0264413 -0.339523
0.000220834 0.0241624 0.180902 -0.0244419 -0.336286
0.000226706 0.024148 0.180704 -0.0227082 -0.332957
0.000232639 0.0241346 0.180507 -0.0212158 -0.329549
0.000238635 0.0241219 0.180309 -0.0199448 -0.326071
0.000244696 0.0241098 0.180111 -0.0189722 -0.324501
0.000250787 0.0240982 0.179914 -0.0181557 -0.326717
0.000256838 0.0240872 0.179716 -0.0172208 -0.329071
0.000262847 0.0240769 0.179518 -0.0161733 -0.331544
0.000268812 0.0240672 0.179321 -0.0150202 -0.334115
0.000274732 0.0240583 0.179123 -0.0145338 -0.335596
0.000280626 0.0240498 0.178925 -0.0154454 -0.334817
0.000286534 0.0240406 0.178727 -0.0162815 -0.334075
0.000292454 0.024031 0.178529 -0.0170344 -0.333363
0.000298385 0.0240209 0.178332 -0.017697 -0.332674
0.000304329 0.0240104 0.178134 -0.0183528 -0.331647
0.00031029 0.0239994 0.177936 -0.0192193 -0.329978
0.00031628 0.0239879 0.177739 -0.0201894 -0.328415
0.000322298 0.0239758 0.177541 -0.0212718 -0.326969
0.00032834 0.0239629 0.177343 -0.0224761 -0.325652
0.000334406 0.0239493 0.177146 -0.0220737 -0.324141
0.0003405 0.0239358 0.176948 -0.0180779 -0.321854
0.000346643 0.0239247 0.176751 -0.0140136 -0.319208
0.000352839 0.0239161 0.176553 -0.00988813 -0.316228
0.000359098 0.0239099 0.176355 -0.00570909 -0.312941
0.000365424 0.0239063 0.176157 -0.00302039 -0.311528
0.000371779 0.0239043 0.175959 -0.00358679 -0.314562
0.000378073 0.0239021 0.175761 -0.00415134 -0.317632
0.000384306 0.0238995 0.175563 -0.00471267 -0.320737
0.000390479 0.0238966 0.175365 -0.00526945 -0.323879
0.000396592 0.0238934 0.175167 -0.00439038 -0.325121
0.000402681 0.0238907 0.174969 -0.000429159 -0.32218
0.000408827 0.0238904 0.174771 0.00354528 -0.319012
0.000415033 0.0238926 0.174573 0.00750252 -0.315586
0.000421305 0.0238973 0.174375 0.0114114 -0.311874
0.00042765 0.0239046 0.174177 0.0130219 -0.309567
0.00043404 0.0239129 0.173979 0.00989333 -0.310854
0.000440406 0.0239192 0.173781 0.00686563 -0.312399
0.000446743 0.0239235 0.173584 0.00390277 -0.314178
0.000453045 0.023926 0.173386 0.000970273 -0.316169
0.000459307 0.0239266 0.173188 -0.00160345 -0.317635
0.000465541 0.0239256 0.17299 -0.00340954 -0.3177
0.000471773 0.0239235 0.172792 -0.00521444 -0.317868
0.000478001 0.0239202 0.172594 -0.00700427 -0.318135
0.000484223 0.0239159 0.172396 -0.00876523 -0.318495
0.000490437 0.0239104 0.172198 -0.0104757 -0.318141
0.000496658 0.0239039 0.172 -0.0121499 -0.316091
0.000502917 0.0238963 0.171802 -0.0138217 -0.314059
0.000509215 0.0238876 0.171604 -0.0154917 -0.312028
0.000515553 0.0238778 0.171406 -0.0171606 -0.309982
0.000521931 0.0238668 0.171209 -0.0179185 -0.308886
0.00052833 0.0238554 0.171011 -0.0166858 -0.310011
0.000534708 0.0238447 0.170813 -0.0155042 -0.311148
0.000541064 0.0238349 0.170616 -0.0143681 -0.312293
0.000547397 0.0238258 0.170418 -0.0132724 -0.313441
0.000553708 0.0238174 0.17022 -0.011399 -0.313885
0.000560012 0.0238102 0.170022 -0.00764779 -0.312646
0.000566343 0.0238054 0.169824 -0.00386163 -0.311223
0.000572705 0.0238029 0.169626 -5.2951e-05 -0.30961
0.0005791 0.0238029 0.169428 0.00376553 -0.3078
0.000585532 0.0238053 0.16923 0.00718145 -0.307939
0.00059196 0.0238099 0.169032 0.00967137 -0.312836
0.000598287 0.023816 0.168834 0.0121612 -0.317567
0.000604517 0.0238236 0.168636 0.0146514 -0.322122
0.000610657 0.0238326 0.168439 0.0171424 -0.326488
0.000616714 0.023843 0.168241 0.0170545 -0.32725
0.000622756 0.0238533 0.168043 0.0109405 -0.320081
0.000628938 0.0238601 0.167845 0.0048489 -0.313328
0.000635257 0.0238631 0.167647 -0.0012422 -0.306945
0.000641707 0.0238623 0.167449 -0.00735596 -0.30088
0.000648286 0.0238575 0.167251 -0.0129973 -0.295985
0.000654969 0.0238488 0.167054 -0.0175737 -0.293484
0.000661704 0.023837 0.166856 -0.0224522 -0.291185
0.000668483 0.0238217 0.166659 -0.0277467 -0.2891
0.000675301 0.0238028 0.166461 -0.0335846 -0.287242
0.000682147 0.0237798 0.166265 -0.0396004 -0.285724
0.000689011 0.0237526 0.166069 -0.0439752 -0.285118
0.000695875 0.0237225 0.165873 -0.0459467 -0.28643
0.0007027 0.0236911 0.165677 -0.0478351 -0.288224
0.000709477 0.0236587 0.165482 -0.0496451 -0.2905
0.000716196 0.0236253 0.165287 -0.0498461 -0.294308
0.000722829 0.0235923 0.165092 -0.0448212 -0.301722
0.00072932 0.0235632 0.164896 -0.0402574 -0.308248
0.000735689 0.0235375 0.1647 -0.0360831 -0.314015
0.000741953 0.0235149 0.164503 -0.0322387 -0.319126
0.000748126 0.023495 0.164306 -0.0284879 -0.323873
0.000754216 0.0234777 0.164109 -0.0240558 -0.32925
0.000760214 0.0234633 0.163911 -0.0197814 -0.334359
0.000766125 0.0234516 0.163713 -0.0156345 -0.339196
0.000771957 0.0234424 0.163516 -0.0115868 -0.343755
0.000777713 0.0234358 0.163318 -0.00904483 -0.347676
0.000783406 0.0234306 0.16312 -0.0138422 -0.349613
0.000789065 0.0234228 0.162922 -0.0184555 -0.35202
0.000794682 0.0234124 0.162724 -0.0228074 -0.354917
0.00080025 0.0233997 0.162527 -0.0268297 -0.358315
0.00080576 0.0233849 0.162329 -0.0291633 -0.362045
0.000811211 0.023369 0.162132 -0.0244214 -0.365065
0.000816623 0.0233558 0.161934 -0.0200792 -0.367534
0.000822002 0.023345 0.161737 -0.0160537 -0.369523
0.000827355 0.0233364 0.161539 -0.0122726 -0.371091
0.000832688 0.0233299 0.161341 -0.00916838 -0.372056
0.000838008 0.023325 0.161143 -0.00904892 -0.371384
0.000843338 0.0233202 0.160945 -0.00898339 -0.370655
0.000848678 0.0233154 0.160747 -0.00897111 -0.369874
0.00085403 0.0233106 0.160549 -0.00901204 -0.369043
0.000859394 0.0233058 0.160351 -0.0086887 -0.368812
0.000864761 0.0233011 0.160153 -0.0058629 -0.372318
0.000870078 0.023298 0.159955 -0.00293638 -0.375625
0.000875349 0.0232964 0.159757 3.45308e-05 -0.378735
0.000880577 0.0232964 0.159559 0.0029932 -0.381652
0.000885765 0.023298 0.159361 0.00542787 -0.384667
0.000890912 0.0233008 0.159163 0.00512837 -0.389203
0.000895998 0.0233034 0.158965 0.00488284 -0.393757
0.000901027 0.0233059 0.158767 0.00468589 -0.398326
0.000905997 0.0233082 0.158569 0.0045333 -0.402908
0.000910911 0.0233104 0.158371 0.00480783 -0.407057
0.000915775 0.0233128 0.158173 0.00739126 -0.408585
0.00092062 0.0233163 0.157975 0.00999341 -0.409967
0.000925448 0.0233212 0.157778 0.0126222 -0.411208
0.000930261 0.0233272 0.15758 0.0152854 -0.412311
0.00093506 0.0233346 0.157382 0.0174225 -0.413301
0.000939846 0.0233429 0.157184 0.0161204 -0.414309
0.000944622 0.0233506 0.156986 0.0147237 -0.415395
0.000949385 0.0233576 0.156788 0.0132434 -0.416561
0.000954136 0.0233639 0.15659 0.0116912 -0.417814
0.000958873 0.0233695 0.156392 0.0103775 -0.419354
0.000963593 0.0233743 0.156194 0.0108558 -0.422237
0.000968281 0.0233794 0.155996 0.0112871 -0.425194
0.000972936 0.0233847 0.155799 0.0116697 -0.428233
0.000977558 0.0233901 0.155601 0.0120024 -0.431361
0.000982146 0.0233956 0.155403 0.0124892 -0.433885
0.000986708 0.0234013 0.155205 0.0143027 -0.432023
0.000991289 0.0234078 0.155007 0.0162349 -0.429996
0.00099589 0.0234153 0.154809 0.0183147 -0.427777
0.00100051 0.0234238 0.154611 0.020574 -0.425335
