0 0.00346037 0.0506521 0.272891 0.350326
4.45876e-06 0.00358204 0.0508083 0.292635 0.391181
8.51177e-06 0.00370065 0.0509669 0.314816 0.440352
1.21695e-05 0.0038158 0.051128 0.339405 0.49758
1.54569e-05 0.00392737 0.0512915 0.366345 0.562619
1.8406e-05 0.00403541 0.0514574 0.372319 0.607311
2.11855e-05 0.0041389 0.0516263 0.329053 0.605873
2.40573e-05 0.0042334 0.0518002 0.287605 0.600157
2.70325e-05 0.00431897 0.0519788 0.25358 0.594996
3.00938e-05 0.00439659 0.052161 0.226228 0.590363
3.32256e-05 0.00446744 0.0523458 0.204825 0.586256
3.6414e-05 0.00453275 0.0525328 0.195081 0.587504
3.96125e-05 0.00459515 0.0527207 0.196847 0.600794
4.27443e-05 0.0046568 0.0529088 0.194423 0.617592
4.58023e-05 0.00471625 0.0530977 0.18813 0.63757
4.87809e-05 0.00477229 0.0532876 0.178427 0.660294
5.16758e-05 0.00482394 0.0534787 0.167581 0.682416
5.44935e-05 0.00487116 0.053671 0.173585 0.675808
5.73312e-05 0.00492042 0.0538628 0.182096 0.664439
6.02052e-05 0.00497275 0.0540538 0.197032 0.647327
6.31314e-05 0.00503041 0.0542432 0.216437 0.628547
6.61098e-05 0.00509487 0.0544304 0.233385 0.611183
6.91363e-05 0.00516551 0.0546154 0.229537 0.626089
7.21056e-05 0.00523366 0.0548013 0.223161 0.644865
7.50071e-05 0.00529841 0.0549884 0.216535 0.663772
7.7843e-05 0.00535982 0.0551766 0.20968 0.682788
8.06151e-05 0.00541794 0.0553659 0.202615 0.701893
8.33254e-05 0.00547286 0.0555561 0.195409 0.708189
8.60205e-05 0.00552552 0.055747 0.187011 0.705019
8.87351e-05 0.00557629 0.0559384 0.177199 0.700379
9.14758e-05 0.00562485 0.0561303 0.16607 0.694324
9.42492e-05 0.00567091 0.0563229 0.153736 0.686928
9.70621e-05 0.00571416 0.0565161 0.146457 0.682255
9.98996e-05 0.00575571 0.0567097 0.147454 0.683529
0.000102731 0.00579747 0.0569033 0.149589 0.686664
0.000105549 0.00583961 0.0570967 0.15286 0.691689
0.000108344 0.00588234 0.05729 0.157275 0.698651
0.000111109 0.00592582 0.0574832 0.160884 0.698859
0.00011387 0.00597024 0.0576762 0.164442 0.670575
0.000116737 0.0060174 0.0578685 0.16875 0.638331
0.000119736 0.006068 0.0580599 0.171945 0.607142
0.000122874 0.00612196 0.0582504 0.173887 0.577192
0.000126158 0.00617907 0.05844 0.176585 0.553258
0.000129568 0.00623928 0.0586286 0.189876 0.55377
0.00013295 0.0063035 0.0588159 0.202865 0.553112
0.000136311 0.00637167 0.0590018 0.215515 0.551252
0.000139656 0.00644377 0.0591862 0.227791 0.548156
0.000142992 0.00651975 0.059369 0.239659 0.543789
0.000146323 0.0065996 0.0595502 0.251897 0.541087
0.000149641 0.00668317 0.0597297 0.265049 0.540561
0.00015293 0.00677034 0.0599075 0.279099 0.542005
0.000156178 0.00686098 0.0600835 0.294081 0.54556
0.000159372 0.00695493 0.0602578 0.305717 0.555706
0.000162494 0.00705037 0.0604313 0.298694 0.576926
0.000165542 0.00714141 0.0606071 0.267035 0.589769
0.0001686 0.00722307 0.0607875 0.238426 0.601625
0.00017166 0.00729602 0.0609716 0.212571 0.612568
0.000174713 0.00736094 0.0611586 0.189156 0.622681
0.000177756 0.00741849 0.0613481 0.167873 0.632049
0.000180784 0.00746931 0.0615395 0.165537 0.637959
0.000183788 0.00751904 0.0617311 0.163255 0.644641
0.000186765 0.00756765 0.0619231 0.157253 0.652759
0.000189714 0.00761402 0.0621156 0.147848 0.662137
0.000192633 0.00765717 0.0623088 0.135495 0.672546
0.000195519 0.00769628 0.0625029 0.12589 0.666253
0.000198439 0.00773304 0.0626975 0.118622 0.651196
0.00020143 0.00776852 0.0628922 0.11156 0.635325
0.0002045 0.00780277 0.0630873 0.104699 0.61868
0.000207655 0.0078358 0.0632825 0.098037 0.601295
0.000210905 0.00786767 0.0634779 0.0982177 0.591049
0.00021421 0.00790012 0.0636732 0.103367 0.584749
0.000217544 0.00793459 0.0638682 0.114411 0.577515
0.000220907 0.00797307 0.0640624 0.132679 0.569891
0.000224291 0.00801796 0.0642553 0.150261 0.56138
0.000227698 0.00806916 0.0644465 0.166692 0.563501
0.000231068 0.00812533 0.0646364 0.181691 0.576871
0.000234341 0.00818481 0.0648253 0.19506 0.590288
0.000237526 0.00824693 0.0650133 0.206609 0.603743
0.000240629 0.00831104 0.0652006 0.216196 0.61723
0.000243657 0.00837649 0.0653875 0.219428 0.627013
0.000246637 0.0084419 0.0655744 0.208822 0.625654
0.000249639 0.00850458 0.0657622 0.197383 0.623913
0.000252665 0.00856431 0.0659509 0.185144 0.621802
0.000255717 0.00862081 0.0661407 0.172141 0.619333
0.000258797 0.00867383 0.0663315 0.158624 0.616581
0.000261907 0.00872316 0.0665232 0.172218 0.622165
0.000264974 0.00877599 0.0667141 0.188328 0.629856
0.000267986 0.00883271 0.0669038 0.207206 0.639869
0.00027093 0.00889371 0.0670921 0.229127 0.652439
0.000273793 0.00895931 0.0672789 0.241557 0.65987
0.000276611 0.00902738 0.0674649 0.235505 0.650278
0.000279474 0.0090948 0.067651 0.22708 0.636235
0.000282405 0.00916135 0.0678375 0.220074 0.621742
0.000285407 0.00922742 0.0680242 0.214428 0.606794
0.000288483 0.00929339 0.0682109 0.210091 0.591377
0.000291638 0.00935968 0.0683974 0.208966 0.582822
0.000294836 0.0094265 0.0685838 0.213488 0.582752
0.000298027 0.00949461 0.0687697 0.222273 0.583032
0.0003012 0.00956514 0.0689548 0.235427 0.583596
0.000304346 0.00963922 0.0691384 0.253173 0.584395
0.000307455 0.00971793 0.0693201 0.273444 0.585174
0.000310521 0.00980175 0.0694994 0.275981 0.58566
0.000313579 0.00988615 0.0696785 0.276561 0.588823
0.000316623 0.00997033 0.0698578 0.271343 0.582922
0.000319702 0.0100539 0.0700373 0.266479 0.574575
0.000322828 0.0101372 0.0702169 0.262987 0.565772
0.000326002 0.0102207 0.0703964 0.262865 0.549915
0.00032925 0.010306 0.0705751 0.262874 0.531928
0.000332587 0.0103938 0.0707526 0.260923 0.517133
0.000336006 0.010483 0.0709294 0.256967 0.505723
0.000339496 0.0105727 0.0711059 0.250993 0.497847
0.000343047 0.0106618 0.0712827 0.242908 0.493477
0.000346647 0.0107492 0.0714603 0.226697 0.480709
0.000350373 0.0108337 0.0716394 0.211406 0.46398
0.000354256 0.0109158 0.0718196 0.199179 0.444532
0.000358321 0.0109967 0.0720003 0.193063 0.426141
0.000362553 0.0110785 0.0721806 0.188766 0.407526
0.000366962 0.0111617 0.0723603 0.197368 0.397303
0.000371425 0.0112498 0.0725376 0.216775 0.394394
0.000375824 0.0113451 0.0727111 0.235445 0.389695
0.000380173 0.0114475 0.0728806 0.253264 0.383149
0.000384484 0.0115567 0.0730458 0.270134 0.374712
0.000388771 0.0116725 0.0732064 0.285969 0.364343
0.000393045 0.0117947 0.0733622 0.29346 0.358551
0.000397319 0.0119202 0.0735154 0.295168 0.357728
0.000401588 0.0120462 0.0736681 0.29263 0.357173
0.000405876 0.0121716 0.0738213 0.292782 0.352524
0.000410197 0.0122982 0.0739736 0.29562 0.343535
0.000414566 0.0124273 0.0741237 0.30116 0.329919
0.000418998 0.0125608 0.0742699 0.309909 0.311225
0.000423506 0.0127005 0.0744102 0.326221 0.289461
0.000428046 0.0128486 0.0745416 0.348386 0.267275
0.000432555 0.0130057 0.0746621 0.33987 0.260228
0.000437181 0.0131629 0.0747825 0.321828 0.252869
0.000442019 0.0133186 0.0749048 0.299705 0.242491
0.000447155 0.0134725 0.0750294 0.27352 0.229073
0.000452704 0.0136243 0.0751565 0.243318 0.212594
0.000458832 0.0137734 0.0752868 0.212853 0.201176
0.000465593 0.0139173 0.0754228 0.203513 0.206142
0.000472428 0.0140564 0.0755637 0.210928 0.211605
0.000479055 0.0141962 0.0757039 0.218015 0.216045
0.000485506 0.0143369 0.0758433 0.224749 0.219425
0.00049181 0.0144785 0.0759816 0.231106 0.221709
0.000497992 0.0146214 0.0761187 0.237059 0.222862
0.000504078 0.0147657 0.0762543 0.23932 0.218239
0.000510191 0.014912 0.0763877 0.227092 0.184835
0.000516953 0.0150655 0.0765127 0.219231 0.150169
0.000524404 0.0152289 0.0766246 0.213898 0.124469
0.000532405 0.0154 0.0767242 0.210898 0.107144
0.000540775 0.0155765 0.0768139 0.209964 0.0975444
0.000549328 0.0157561 0.0768973 0.21085 0.0953093
0.000557884 0.0159365 0.0769788 0.203927 0.0962211
0.000566665 0.0161156 0.0770633 0.189375 0.0890971
0.000576126 0.0162948 0.0771476 0.174959 0.0733895
0.000586562 0.0164774 0.0772242 0.160525 0.0487704
0.000598364 0.0166668 0.0772818 0.147513 0.0196699
0.000611669 0.0168631 0.0773079 0.136686 -0.00446747
0.000626147 0.017061 0.0773015 0.144627 0.00154564
0.000639836 0.017259 0.0773036 0.152983 0.00717323
0.000652765 0.0174567 0.0773129 0.161836 0.0116987
0.000664968 0.0176542 0.0773271 0.171179 0.014734
0.000676492 0.0178515 0.0773441 0.177091 0.0149868
0.000687633 0.0180488 0.0773608 0.162666 0.00899518
0.000699786 0.0182465 0.0773718 0.147571 0.00490993
0.000713196 0.0184444 0.0773783 0.132046 0.00198003
0.000728189 0.0186423 0.0773813 0.116241 -0.000309573
0.000745223 0.0188403 0.0773808 0.105114 0.000174983
0.00076406 0.0190383 0.0773811 0.120823 0.0146544
0.000780328 0.0192349 0.0774049 0.135725 0.0286379
0.000794602 0.0194286 0.0774458 0.147983 0.0419383
0.000807475 0.0196191 0.0774998 0.156442 0.0544662
0.000819428 0.0198061 0.0775649 0.159923 0.0660793
0.00083087 0.0199891 0.0776405 0.153637 0.0744832
0.000842467 0.0201673 0.0777269 0.152357 0.0810554
0.00085394 0.0203421 0.0778199 0.157092 0.0858795
0.000864999 0.0205158 0.0779149 0.168378 0.0892086
0.00087539 0.0206908 0.0780076 0.186291 0.0913716
0.000884933 0.0208686 0.0780948 0.200343 0.0926745
0.000893903 0.0210483 0.0781779 0.198649 0.0943304
0.000902906 0.0212271 0.0782628 0.190142 0.101873
0.000912085 0.0214016 0.0783563 0.179196 0.111396
0.000921469 0.0215698 0.0784609 0.167269 0.118873
0.000931118 0.0217312 0.0785756 0.154308 0.124054
0.000941118 0.0218855 0.0786996 0.154366 0.144518
0.000950482 0.0220301 0.0788349 0.159823 0.170385
0.000958958 0.0221655 0.0789794 0.164515 0.193794
0.000966747 0.0222937 0.0791303 0.168656 0.21505
0.000973991 0.0224158 0.0792861 0.173589 0.231954
0.000980826 0.0225345 0.0794446 0.173634 0.239039
0.000987527 0.0226508 0.0796048 0.166346 0.236797
0.00099437 0.0227647 0.0797668 0.15182 0.225325
0.00100166 0.0228753 0.079931 0.141604 0.21346
