0 0.00700933 0.150225 1.66508e-07 0.3858
5.13219e-06 0.00700933 0.150423 -0.0052466 0.37743
1.03777e-05 0.00700657 0.150621 -0.00302027 0.380864
1.55762e-05 0.007005 0.150819 0.00225959 0.389104
2.06648e-05 0.00700615 0.151017 0.00755015 0.397265
2.56479e-05 0.00700992 0.151215 0.0128402 0.405247
3.05314e-05 0.00701619 0.151413 0.0181191 0.41296
3.53214e-05 0.00702487 0.15161 0.0205733 0.410593
4.01377e-05 0.00703477 0.151808 0.0217513 0.404254
4.50285e-05 0.00704541 0.152006 0.0227653 0.398015
4.99951e-05 0.00705672 0.152204 0.0236006 0.391893
5.50384e-05 0.00706862 0.152401 0.024245 0.385906
6.0159e-05 0.00708104 0.152599 0.0176829 0.381572
6.53425e-05 0.0070902 0.152797 0.00844805 0.378001
7.05793e-05 0.00709463 0.152995 -0.000541629 0.374599
7.5865e-05 0.00709434 0.153193 -0.00946801 0.371385
8.11946e-05 0.00708929 0.153391 -0.0185134 0.368382
8.65627e-05 0.00707936 0.153588 -0.0144472 0.375795
9.18276e-05 0.00707175 0.153786 -0.00457235 0.387662
9.69348e-05 0.00706941 0.153984 0.00545719 0.399317
0.000101893 0.00707212 0.154182 0.015623 0.410567
0.000106712 0.00707965 0.15438 0.0259082 0.421234
0.000111404 0.0070918 0.154578 0.027965 0.416044
0.000116152 0.00710508 0.154775 0.0264127 0.404634
0.000121035 0.00711798 0.154973 0.0248497 0.393876
0.000126052 0.00713045 0.15517 0.0232748 0.383743
0.000131202 0.00714243 0.155368 0.0216865 0.374204
0.000136484 0.00715389 0.155566 0.0184269 0.377143
0.000141728 0.00716355 0.155763 0.0142185 0.385493
0.000146861 0.00717085 0.155961 0.00983277 0.393731
0.000151888 0.00717579 0.156159 0.00533205 0.401905
0.000156814 0.00717842 0.156357 0.000777873 0.410061
0.000161643 0.0071788 0.156555 0.00356217 0.417518
0.000166385 0.00718049 0.156753 0.00973587 0.42459
0.000171047 0.00718502 0.156951 0.0158768 0.431544
0.000175632 0.0071923 0.157149 0.0219987 0.438343
0.000180144 0.00720223 0.157347 0.0281149 0.444955
0.000184585 0.00721471 0.157544 0.0278902 0.445701
0.000189018 0.00722708 0.157742 0.024799 0.443827
0.000193473 0.00723813 0.15794 0.0218376 0.442067
0.000197946 0.0072479 0.158137 0.0189845 0.440409
0.000202438 0.00725642 0.158335 0.016219 0.438843
0.000206947 0.00726374 0.158533 0.0156096 0.439144
0.000211452 0.00727077 0.158731 0.0159841 0.440348
0.000215946 0.00727795 0.158929 0.0163106 0.441569
0.000220427 0.00728526 0.159127 0.0165874 0.442809
0.000224895 0.00729267 0.159325 0.0168131 0.444068
0.000229351 0.00730016 0.159522 0.0170564 0.443692
0.00023381 0.00730777 0.15972 0.0173778 0.44253
0.000238281 0.00731554 0.159918 0.0177635 0.441404
0.000242763 0.0073235 0.160116 0.0182159 0.440314
0.000247256 0.00733168 0.160314 0.0187381 0.439261
0.000251759 0.00734012 0.160512 0.0203134 0.440719
0.000256247 0.00734924 0.160709 0.0222626 0.443636
0.000260705 0.00735916 0.160907 0.0240339 0.446834
0.00026513 0.0073698 0.161105 0.0256056 0.450344
0.000269519 0.00738104 0.161303 0.0269597 0.454192
0.000273871 0.00739277 0.1615 0.0249753 0.463931
0.000278133 0.00740341 0.161698 0.0216015 0.475929
0.000282289 0.00741239 0.161896 0.0184916 0.487251
0.000286349 0.0074199 0.162094 0.0155847 0.498055
0.000290323 0.00742609 0.162291 0.0128284 0.508478
0.000294216 0.00743109 0.162489 0.00980591 0.515292
0.000298057 0.00743485 0.162687 0.00645226 0.520536
0.000301861 0.00743731 0.162885 0.00297565 0.52601
0.000305625 0.00743843 0.163083 -0.000554793 0.531638
0.000309349 0.00743822 0.163281 -0.00406966 0.537341
0.000313034 0.00743672 0.163479 -0.00874153 0.536611
0.000316723 0.0074335 0.163677 -0.0140529 0.53252
0.00032044 0.00742827 0.163875 -0.019428 0.528538
0.000324184 0.007421 0.164073 -0.0249473 0.524708
0.000327953 0.0074116 0.164271 -0.0306946 0.521072
0.000331746 0.00739995 0.164469 -0.0281496 0.513734
0.000335595 0.00738912 0.164666 -0.0208693 0.504268
0.000339518 0.00738093 0.164864 -0.0134131 0.494675
0.000343519 0.00737557 0.165062 -0.00584677 0.484943
0.000347602 0.00737318 0.16526 0.00175813 0.47506
0.00035177 0.00737391 0.165458 0.00742405 0.478124
0.00035591 0.00737699 0.165656 0.0120213 0.488325
0.000359964 0.00738186 0.165854 0.0166245 0.498626
0.000363932 0.00738846 0.166052 0.0212544 0.509119
0.000367818 0.00739672 0.16625 0.0259306 0.519895
0.000371622 0.00740658 0.166447 0.0304385 0.523043
0.000375401 0.00741808 0.166645 0.0350681 0.521943
0.000379186 0.00743135 0.166843 0.0400453 0.520978
0.000382975 0.00744653 0.16704 0.0454423 0.520168
0.000386767 0.00746376 0.167237 0.0513392 0.519535
0.00039056 0.00748323 0.167434 0.0540775 0.519723
0.000394349 0.00750372 0.167631 0.0545365 0.519988
0.000398136 0.00752438 0.167828 0.0547066 0.519819
0.000401924 0.0075451 0.168025 0.0545808 0.51921
0.000405717 0.0075658 0.168222 0.054155 0.518161
0.000409517 0.00758638 0.168419 0.0508888 0.518652
0.000413317 0.00760572 0.168616 0.0458121 0.520622
0.000417105 0.00762307 0.168813 0.040624 0.522883
0.000420881 0.00763841 0.169011 0.0353335 0.525383
0.000424641 0.0076517 0.169208 0.02995 0.528071
0.000428384 0.00766291 0.169406 0.0317511 0.527822
0.000432129 0.0076748 0.169603 0.0386664 0.525256
0.000435888 0.00768933 0.169801 0.0455858 0.522453
0.000439664 0.00770654 0.169998 0.0524982 0.519325
0.000443457 0.00772646 0.170195 0.0593923 0.515784
0.000447271 0.00774911 0.170392 0.0580453 0.513697
0.000451101 0.00777134 0.170589 0.0501773 0.51296
0.000454942 0.00779062 0.170786 0.0419658 0.512242
0.000458795 0.00780678 0.170983 0.0334847 0.511552
0.000462657 0.00781971 0.171181 0.0248127 0.510904
0.000466528 0.00782932 0.171378 0.0219866 0.511156
0.000470398 0.00783783 0.171576 0.0241332 0.512012
0.000474261 0.00784715 0.171774 0.026353 0.512679
0.000478118 0.00785732 0.171972 0.0286578 0.513133
0.00048197 0.00786836 0.172169 0.0310601 0.513351
0.00048582 0.00788031 0.172367 0.0301461 0.516382
0.000489648 0.00789185 0.172565 0.0261791 0.5221
0.000493436 0.00790177 0.172762 0.0220214 0.52804
0.000497182 0.00791002 0.17296 0.0177243 0.534174
0.000500887 0.00791659 0.173158 0.0133399 0.540475
0.000504549 0.00792147 0.173356 0.0148108 0.552226
0.000508133 0.00792678 0.173554 0.0214618 0.568351
0.000511615 0.00793425 0.173752 0.028081 0.584053
0.000515001 0.00794376 0.17395 0.0346521 0.599245
0.000518299 0.00795519 0.174147 0.0411602 0.613845
0.000521518 0.00796844 0.174345 0.0416377 0.617749
0.000524716 0.00798175 0.174542 0.0367558 0.612966
0.00052794 0.0079936 0.17474 0.0317863 0.608719
0.000531188 0.00800393 0.174938 0.0267492 0.604953
0.000534458 0.00801268 0.175136 0.0216654 0.601613
0.000537747 0.0080198 0.175334 0.0231755 0.599588
0.000541047 0.00802745 0.175531 0.0307188 0.598471
0.000544351 0.0080376 0.175729 0.0382412 0.597213
0.00054766 0.00805025 0.175927 0.0457607 0.595838
0.000550973 0.00806541 0.176124 0.0532949 0.594371
0.000554291 0.0080831 0.176321 0.0555016 0.593049
0.000557615 0.00810155 0.176518 0.0524411 0.591747
0.000560948 0.00811902 0.176716 0.0491399 0.590319
0.000564291 0.00813545 0.176913 0.0456226 0.588787
0.000567643 0.00815075 0.17711 0.0419163 0.587176
0.000571007 0.00816484 0.177308 0.040742 0.58853
0.000574363 0.00817852 0.177505 0.0424081 0.592895
0.000577694 0.00819264 0.177703 0.0442342 0.597131
0.000581001 0.00820727 0.1779 0.0462276 0.60123
0.000584285 0.00822245 0.178098 0.0483966 0.60518
0.000587546 0.00823823 0.178295 0.0481639 0.602566
0.000590821 0.00825401 0.178493 0.045324 0.593275
0.000594149 0.00826909 0.17869 0.0426466 0.584343
0.000597529 0.00828351 0.178887 0.0401215 0.57575
0.000600959 0.00829727 0.179085 0.0377387 0.567475
0.000604441 0.00831041 0.179283 0.0385609 0.570477
0.000607904 0.00832376 0.17948 0.0424634 0.586224
0.000611272 0.00833807 0.179678 0.0457146 0.602255
0.000614551 0.00835305 0.179875 0.0482707 0.618612
0.000617742 0.00836846 0.180072 0.0501117 0.635323
0.000620848 0.00838403 0.18027 0.0494902 0.647022
0.0006239 0.00839913 0.180467 0.046946 0.652215
0.000626928 0.00841334 0.180665 0.0448978 0.657209
0.000629933 0.00842684 0.180862 0.0432982 0.662016
0.000632918 0.00843976 0.18106 0.0421098 0.666647
0.000635882 0.00845224 0.181257 0.0423975 0.669506
0.000638834 0.00846475 0.181455 0.0441443 0.670251
0.000641781 0.00847777 0.181653 0.0458481 0.670918
0.000644726 0.00849127 0.18185 0.047508 0.671504
0.000647667 0.00850524 0.182048 0.0491232 0.672006
0.000650605 0.00851967 0.182245 0.0478352 0.67208
0.000653544 0.00853373 0.182443 0.0428204 0.671683
0.000656486 0.00854633 0.18264 0.037909 0.671334
0.000659431 0.00855749 0.182838 0.0330924 0.671038
0.000662378 0.00856724 0.183036 0.0283622 0.670796
0.000665327 0.00857561 0.183233 0.0260161 0.669024
0.000668284 0.0085833 0.183431 0.0268587 0.665139
0.000671258 0.00859129 0.183629 0.0276923 0.661284
0.00067425 0.00859957 0.183827 0.0285168 0.657462
0.000677259 0.00860815 0.184025 0.0293322 0.653675
0.000680285 0.00861703 0.184223 0.0307637 0.654389
0.000683307 0.00862633 0.18442 0.0332109 0.661464
0.000686297 0.00863626 0.184618 0.0358786 0.668729
0.000689253 0.00864687 0.184816 0.0387896 0.676206
0.000692177 0.0086582 0.185014 0.0419694 0.683915
0.000695066 0.00867033 0.185211 0.0460094 0.68921
0.000697933 0.00868352 0.185409 0.0507442 0.690629
0.000700792 0.00869803 0.185606 0.0551527 0.691846
0.000703645 0.00871376 0.185804 0.059188 0.692833
0.000706492 0.00873062 0.186001 0.0628084 0.693567
0.000709335 0.00874848 0.186198 0.0651811 0.695518
0.00071217 0.00876695 0.186395 0.0663549 0.699756
0.000714987 0.00878564 0.186592 0.0677675 0.704139
0.000717786 0.00880461 0.186789 0.0694223 0.708669
0.000720566 0.00882391 0.186986 0.0713244 0.713349
0.000723328 0.00884361 0.187183 0.0712466 0.712469
0.000726094 0.00886331 0.18738 0.0671405 0.701492
0.000728903 0.00888218 0.187578 0.0625447 0.689768
0.000731762 0.00890006 0.187775 0.0574979 0.677356
0.000734675 0.00891681 0.187972 0.0521764 0.664528
0.000737645 0.0089323 0.188169 0.0496906 0.658309
0.000740644 0.00894721 0.188367 0.0525964 0.664235
0.000743616 0.00896284 0.188564 0.0556994 0.670373
0.000746559 0.00897923 0.188762 0.0590145 0.676739
0.000749474 0.00899643 0.188959 0.0625576 0.68335
0.00075236 0.00901448 0.189156 0.0634862 0.691071
0.000755213 0.0090326 0.189353 0.0588949 0.700382
0.00075803 0.00904919 0.18955 0.0544083 0.709481
0.000760812 0.00906433 0.189748 0.0500136 0.7184
0.000763562 0.00907808 0.189945 0.0456984 0.727168
0.000766279 0.0090905 0.190143 0.0422668 0.730696
0.000768985 0.00910193 0.190341 0.0405674 0.723591
0.000771717 0.00911302 0.190538 0.0388277 0.716937
0.000774474 0.00912372 0.190736 0.0370496 0.710712
0.000777256 0.00913403 0.190934 0.0352348 0.704895
0.000780062 0.00914392 0.191132 0.0358996 0.701077
0.000782882 0.00915404 0.191329 0.0419891 0.700803
0.000785703 0.00916588 0.191527 0.0478572 0.700289
0.000788524 0.00917938 0.191725 0.0534586 0.699473
0.000791346 0.00919447 0.191922 0.0587509 0.698293
0.000794172 0.00921107 0.192119 0.0609702 0.700235
0.000796988 0.00922825 0.192317 0.0568455 0.710149
0.000799768 0.00924405 0.192514 0.0529642 0.719934
0.000802511 0.00925857 0.192711 0.0492998 0.72961
0.000805218 0.00927192 0.192909 0.0458284 0.739189
0.000807892 0.00928417 0.193107 0.0451844 0.746283
0.00081054 0.00929614 0.193304 0.0510646 0.747177
0.000813184 0.00930964 0.193502 0.0566272 0.747695
0.000815824 0.00932459 0.193699 0.0618272 0.747793
0.000818463 0.00934091 0.193896 0.066624 0.747434
0.000821102 0.00935849 0.194094 0.0682668 0.745203
0.000823748 0.00937655 0.194291 0.0626641 0.738966
0.000826417 0.00939328 0.194488 0.0574124 0.732698
0.000829112 0.00940875 0.194686 0.0524775 0.726411
0.00083183 0.00942301 0.194883 0.0478277 0.720117
0.000834574 0.00943614 0.195081 0.0435497 0.714379
0.00083734 0.00944818 0.195278 0.0396966 0.710619
0.000840122 0.00945923 0.195476 0.0358407 0.707397
0.000842918 0.00946925 0.195674 0.0319869 0.70466
0.000845725 0.00947822 0.195871 0.0281402 0.70235
0.000848541 0.00948615 0.196069 0.0251006 0.702139
0.00085136 0.00949323 0.196267 0.0244799 0.707219
0.000854158 0.00950007 0.196465 0.0238681 0.712213
0.000856936 0.00950671 0.196663 0.0232647 0.717127
0.000859696 0.00951313 0.196861 0.0226696 0.721963
0.000862437 0.00951934 0.197059 0.0226146 0.725649
0.000865164 0.00952551 0.197257 0.0242126 0.7261
0.000867889 0.00953211 0.197455 0.0258344 0.726677
0.000870613 0.00953914 0.197652 0.0274834 0.727395
0.000873333 0.00954662 0.19785 0.0291636 0.728271
0.000876049 0.00955454 0.198048 0.0338712 0.728998
0.000878762 0.00956373 0.198246 0.0479959 0.728692
0.000881474 0.00957674 0.198443 0.0622961 0.728117
0.000884183 0.00959362 0.198641 0.0768802 0.727179
0.000886891 0.00961444 0.198838 0.0918579 0.725786
0.000889597 0.0096393 0.199034 0.102602 0.724746
0.000892302 0.00966705 0.19923 0.0971442 0.727143
0.000895001 0.00969327 0.199426 0.0914673 0.730569
0.000897691 0.00971787 0.199623 0.0855843 0.734942
0.000900367 0.00974077 0.19982 0.0795095 0.740175
0.000903026 0.00976192 0.200016 0.0730353 0.744583
0.000905673 0.00978125 0.200213 0.0656125 0.742292
0.00090833 0.00979868 0.200411 0.0583432 0.740033
0.000910997 0.00981425 0.200608 0.0511985 0.73779
0.000913674 0.00982795 0.200806 0.0441497 0.735548
0.000916361 0.00983982 0.201003 0.0392849 0.733017
0.000919059 0.00985041 0.201201 0.0447297 0.728931
0.00092177 0.00986254 0.201399 0.0498995 0.724608
0.000924496 0.00987614 0.201596 0.0547319 0.719988
0.000927238 0.00989115 0.201794 0.0591677 0.715014
0.000929998 0.00990748 0.201991 0.0627035 0.708301
0.000932782 0.00992494 0.202188 0.0626386 0.699307
0.000935603 0.0099426 0.202385 0.0625769 0.691462
0.000938454 0.00996045 0.202582 0.0625183 0.684791
0.000941334 0.00997845 0.20278 0.0624627 0.67931
0.000944236 0.00999658 0.202977 0.0633786 0.676195
0.000947152 0.0100151 0.203174 0.0703214 0.680798
0.000950045 0.0100354 0.203371 0.0770306 0.685071
0.000952917 0.0100575 0.203568 0.0834751 0.688971
0.00095577 0.0100813 0.203764 0.0896264 0.692454
0.000958605 0.0101068 0.203961 0.0941235 0.69515
0.000961428 0.0101333 0.204157 0.0872824 0.694668
0.000964256 0.010158 0.204353 0.0808027 0.694062
0.00096709 0.0101809 0.20455 0.0746486 0.69335
0.000969929 0.0102021 0.204747 0.068786 0.692546
0.000972774 0.0102217 0.204944 0.0637757 0.691172
0.000975627 0.0102399 0.205141 0.0665938 0.683243
0.000978511 0.0102591 0.205338 0.0691786 0.675263
0.000981428 0.0102792 0.205535 0.0715116 0.667233
0.000984378 0.0103003 0.205732 0.0735758 0.659158
0.000987364 0.0103223 0.205929 0.0752933 0.651485
0.000990383 0.010345 0.206125 0.0756833 0.653287
0.000993393 0.0103678 0.206322 0.0763883 0.654816
0.000996397 0.0103908 0.206519 0.0774092 0.656065
0.000999394 0.010414 0.206715 0.0787495 0.657023
0.00100239 0.0104375 0.206912 0.0804414 0.657585
