0 0.026275 0.18743 -0.00235231 -0.246781
8.02296e-06 0.0262731 0.187232 0.00247223 -0.245711
1.60808e-05 0.0262751 0.187034 0.00594564 -0.245185
2.4154e-05 0.0262799 0.186836 0.00715931 -0.245597
3.22125e-05 0.0262857 0.186638 0.00831815 -0.24593
4.0259e-05 0.0262924 0.18644 0.00940644 -0.246173
4.82963e-05 0.0262999 0.186243 0.0104096 -0.246318
5.63275e-05 0.0263083 0.186045 0.00997277 -0.246314
6.43595e-05 0.0263163 0.185847 0.00727688 -0.246264
7.23961e-05 0.0263221 0.185649 0.00456869 -0.246348
8.04321e-05 0.0263258 0.185451 0.00187655 -0.246553
8.84626e-05 0.0263273 0.185253 -0.000771797 -0.246862
9.64833e-05 0.0263267 0.185055 -0.000646316 -0.246559
0.000104514 0.0263262 0.184857 0.00390592 -0.245104
0.000112591 0.0263293 0.184659 0.00848406 -0.243507
0.000120717 0.0263362 0.184461 0.0133238 -0.241764
0.000128895 0.0263471 0.184264 0.0186767 -0.239864
0.000137124 0.0263625 0.184066 0.0237755 -0.237787
0.00014541 0.0263822 0.183869 0.0275355 -0.235651
0.000153755 0.0264052 0.183672 0.0313932 -0.233575
0.000162157 0.0264316 0.183476 0.0353291 -0.231595
0.000170608 0.0264614 0.183281 0.0393212 -0.22975
0.000179103 0.0264948 0.183085 0.0406811 -0.228678
0.000187628 0.0265295 0.18289 0.0361731 -0.228633
0.000196181 0.0265604 0.182695 0.0307634 -0.228336
0.000204775 0.0265869 0.182499 0.0245576 -0.227875
0.000213414 0.0266081 0.182302 0.0176987 -0.227352
0.000222097 0.0266235 0.182104 0.0130548 -0.226009
0.000230843 0.0266349 0.181907 0.0152365 -0.222565
0.000239718 0.0266484 0.181709 0.0175964 -0.219019
0.00024873 0.0266642 0.181512 0.0201796 -0.215363
0.000257883 0.0266827 0.181315 0.0230387 -0.211581
0.000267187 0.0267042 0.181118 0.0243811 -0.207929
0.000276644 0.0267272 0.180921 0.0205654 -0.205012
0.000286254 0.026747 0.180724 0.0164124 -0.202784
0.000295986 0.0267629 0.180527 0.012567 -0.20067
0.000305834 0.0267753 0.180329 0.00895003 -0.19859
0.000315794 0.0267842 0.180131 0.00700894 -0.197203
0.000325828 0.0267913 0.179933 0.00982674 -0.197857
0.000335823 0.0268011 0.179736 0.0126965 -0.198499
0.000345778 0.0268137 0.179538 0.01558 -0.199145
0.00035569 0.0268292 0.179341 0.0184372 -0.19981
0.000365557 0.0268474 0.179144 0.0190932 -0.199819
0.000375421 0.0268662 0.178946 0.0128279 -0.197554
0.000385423 0.026879 0.178749 0.00642215 -0.195284
0.000395556 0.0268855 0.178551 -0.000170613 -0.193053
0.000405813 0.0268854 0.178353 -0.00700079 -0.190908
0.000416177 0.0268781 0.178155 -0.0115013 -0.18962
0.0004266 0.0268661 0.177957 -0.00703835 -0.190865
0.000436967 0.0268588 0.17776 -0.00215701 -0.19201
0.000447278 0.0268566 0.177562 0.00290757 -0.193064
0.000457533 0.0268596 0.177364 0.00790116 -0.19404
0.000467728 0.0268676 0.177166 0.0114851 -0.194466
0.000477892 0.0268793 0.176968 0.0111185 -0.193149
0.000488126 0.0268907 0.176771 0.0108893 -0.191841
0.000498431 0.0269019 0.176573 0.0107897 -0.190541
0.000508806 0.0269131 0.176375 0.0108148 -0.189248
0.000519251 0.0269244 0.176177 0.00931576 -0.18853
0.000529741 0.0269342 0.17598 0.00199955 -0.189919
0.000540166 0.0269363 0.175782 -0.0052038 -0.1914
0.000550507 0.0269309 0.175584 -0.0125202 -0.192965
0.000560746 0.0269181 0.175386 -0.0201727 -0.194611
0.000570866 0.0268976 0.175189 -0.0261732 -0.196541
0.000580852 0.0268715 0.174993 -0.0239363 -0.19948
0.000590707 0.0268479 0.174796 -0.0213679 -0.202637
0.000600424 0.0268272 0.174599 -0.0184975 -0.205966
0.000609999 0.0268094 0.174402 -0.0153614 -0.209414
0.000619429 0.026795 0.174205 -0.0128605 -0.212479
0.00062873 0.026783 0.174007 -0.0143517 -0.213441
0.000637986 0.0267697 0.17381 -0.016102 -0.214453
0.000647193 0.0267549 0.173612 -0.0181563 -0.215523
0.000656347 0.0267383 0.173415 -0.0205687 -0.21666
0.000665445 0.0267196 0.173218 -0.0202769 -0.216279
0.00067456 0.0267011 0.173021 -0.00839779 -0.209478
0.000684004 0.0266931 0.172823 0.00304785 -0.202731
0.00069377 0.0266961 0.172625 0.0144329 -0.195818
0.000703854 0.0267107 0.172427 0.0261523 -0.188506
0.000714258 0.0267379 0.172231 0.0362611 -0.182138
0.00072492 0.0267765 0.172037 0.0342113 -0.183993
0.0007355 0.0268127 0.171842 0.0323557 -0.185766
0.000746 0.0268467 0.171647 0.0306766 -0.187462
0.000756424 0.0268787 0.171452 0.0291586 -0.189088
0.000766772 0.0269089 0.171256 0.0277058 -0.190336
0.000777067 0.0269374 0.17106 0.0251596 -0.187376
0.00078754 0.0269637 0.170864 0.0224939 -0.184354
0.000798201 0.0269877 0.170668 0.0197294 -0.181288
0.000809059 0.0270091 0.170471 0.0168884 -0.178194
0.00082012 0.0270278 0.170274 0.0140461 -0.175214
0.000831385 0.0270436 0.170076 0.0128444 -0.175927
0.00084261 0.0270581 0.169879 0.0119085 -0.176774
0.000853785 0.0270714 0.169681 0.011205 -0.177734
0.000864903 0.0270838 0.169484 0.0107093 -0.178795
0.000875958 0.0270957 0.169286 0.0103469 -0.179923
0.000886944 0.027107 0.169088 0.0074555 -0.180104
0.000897928 0.0271152 0.16889 0.00468099 -0.180333
0.000908904 0.0271204 0.168692 0.0019293 -0.1806
0.000919867 0.0271225 0.168494 -0.000894454 -0.180897
0.000930813 0.0271215 0.168296 -0.00377559 -0.181213
0.000941736 0.0271174 0.168099 -0.000508411 -0.181466
0.000952648 0.0271168 0.167901 0.00301165 -0.181698
0.000963543 0.0271201 0.167703 0.0067845 -0.181906
0.00097442 0.0271275 0.167505 0.0108079 -0.182089
0.000985275 0.0271392 0.167307 0.0150901 -0.182234
0.000996103 0.0271555 0.16711 0.0203801 -0.18184
0.00100692 0.0271776 0.166913 0.0257429 -0.181376
